0.886441
0.881577
0.882665
0.878436
0.876847
0.877879
0.870652
0.867315
0.866419
0.862137
0.859505
0.85514
0.854628
0.843064
0.832289
0.805449
0.772162
0.666723
0.569908
0.656438
0.644935
0.62854
0.622402
0.654917
0.699852
0.729721
0.766616
0.77909
0.780477
0.780853
0.788906
0.815701
0.829813
0.829419
0.831137
0.832283
0.836347
0.84279
0.846275
0.846008
0.854599
0.861113
0.868819
0.873808
0.886363
0.891518
0.894514
0.896717
0.896934
0.892615
0.893331
0.890656
0.888279
0.884429
0.891113
0.897018
0.901564
0.900643
0.90515
0.908114
0.908265
0.906657
0.910585
0.911687
0.910317
0.908536
0.911163
0.910169
0.90945
0.910306
0.910114
0.910623
0.912269
0.910917
0.91429
0.912368
0.913236
0.91211
0.91224
0.913919
0.912579
0.913487
0.913794
0.914108
0.913848
0.913711
0.914107
0.914843
0.914721
0.91225
0.916269
0.912744
0.911479
0.914111
0.913208
0.915082
0.915575
0.909968
0.912381
0.911761
0.91249
0.91221
0.912397
0.911442
0.904363
0.891385
0.886672
0.897062
0.895307
0.904283
0.907928
0.908579
0.909803
0.910609
0.910165
0.909801
0.914799
0.905866
0.90893
0.9074
0.906752
0.905091
0.905599
0.905362
0.900793
0.903513
0.905479
0.898298
0.901597
0.900175
0.89945
0.898037
0.901773
0.895687
0.8946
0.891523
0.892517
0.893692
0.893384
0.895129
0.89061
0.890899
0.888825
0.889507
0.892428
0.889011
0.886765
0.888414
0.887149
0.885786
0.885398
0.885592
0.885009
0.884428
0.883073
0.882496
0.878842
0.883074
0.881534
0.880481
0.88144
0.877707
0.881061
0.879822
0.875339
0.876666
0.876592
0.876024
0.873365
0.872049
0.875009
0.871322
0.870655
0.868496
0.868682
0.8669
0.866419
0.86416
0.867752
0.863124
0.862386
0.860501
0.861238
0.860502
0.858135
0.857651
0.858687
0.856919
0.858504
0.855586
0.854737
0.85407
0.853402
0.851884
0.852432
0.85045
0.850645
0.848528
0.848443
0.847802
0.849768
0.8477
0.844143
0.845293
0.845528
0.842161
0.84212
0.841734
0.83983
0.84055
0.839886
0.84141
0.838822
0.83701
0.837346
0.834045
0.835205
0.831697
0.833572
0.831505
0.82964
0.829316
0.826476
0.824613
0.825243
0.823719
0.821728
0.819632
0.819641
0.815763
0.816119
0.816797
0.812607
0.811481
0.811078
0.809349
0.805998
0.804884
0.804191
0.802669
0.80122
0.799684
0.796081
0.797902
0.793433
0.793959
0.793453
0.789663
0.788903
0.786057
0.78374
0.782028
0.779202
0.777291
0.775561
0.774113
0.770308
0.769782
0.76659
0.763636
0.762525
0.760231
0.757501
0.756326
0.755215
0.750859
0.748383
0.747055
0.744031
0.741934
0.740208
0.737308
0.735404
0.73355
0.730058
0.729541
0.727112
0.725549
0.723583
0.723357
0.719856
0.718116
0.714931
0.712941
0.712623
0.708895
0.70796
0.702696
0.701453
0.699494
0.692502
0.688735
0.683615
0.679175
0.674962
0.667391
0.66218
0.654185
0.649443
0.643853
0.63755
0.630051
0.622955
0.624583
0.6139
0.60964
0.603596
0.599322
0.594772
0.587688
0.5814
0.576582
0.569781
0.562101
0.55847
0.549058
0.539522
0.532054
0.524976
0.513879
0.499673
0.486651
0.467045
0.448382
0.430309
0.409607
0.387982
0.366531
0.343918
0.324583
0.308791
0.294372
0.277064
0.268154
0.260292
0.252776
0.246407
0.255076
0.241554
0.238754
0.236645
0.230905
0.227044
0.22199
0.226577
0.207912
0.201354
0.191547
0.188227
0.179937
0.17927
0.177303
0.182522
0.182497
0.194488
0.207368
0.201341
