0.057225
0.056206
0.055515
0.054868
0.055341
0.05686
0.057047
0.056578
0.056755
0.056712
0.056574
0.056707
0.056663
0.056452
0.056672
0.057314
0.05778
0.058023
0.058352
0.058693
0.058668
0.05846
0.058535
0.058719
0.059582
0.06057
0.06105
0.061295
0.061226
0.061117
0.061095
0.061281
0.061561
0.061725
0.06216
0.062636
0.062748
0.062736
0.062936
0.063355
0.063949
0.064352
0.06428
0.064223
0.064625
0.065002
0.064924
0.064924
0.065527
0.066101
0.066427
0.066745
0.067259
0.067671
0.067662
0.06774
0.067812
0.067873
0.068031
0.068234
0.068701
0.069082
0.069378
0.069671
0.069743
0.069847
0.069815
0.069752
0.069833
0.069834
0.06978
0.069786
0.069708
0.069599
0.069421
0.069196
0.068771
0.068331
0.068001
0.067669
0.067222
0.066807
0.066233
0.065613
0.064935
0.064314
0.063938
0.063555
0.06298
0.062395
0.061828
0.061291
0.060863
0.060427
0.05993
0.059534
0.059685
0.05982
0.059762
0.059707
0.059599
0.059509
0.059707
0.059944
0.060374
0.060824
0.061368
0.061882
0.062406
0.062947
0.063688
0.064435
0.06546
0.066453
0.067278
0.068097
0.069108
0.070097
0.070875
0.071645
0.072477
0.073287
0.074104
0.074912
0.075844
0.076783
0.077494
0.078175
0.078905
0.079623
0.080457
0.0813
0.082096
0.082876
0.083594
0.084291
0.084823
0.08531
0.085901
0.086509
0.086983
0.08741
0.087908
0.088434
0.088987
0.089545
0.089974
0.090328
0.09076
0.091239
0.091722
0.092207
0.092668
0.093107
0.093535
0.093952
0.094331
0.094667
0.094998
0.095327
0.095666
0.096016
0.096406
0.096871
0.097277
0.097572
0.097816
0.097928
0.098105
0.098482
0.098826
0.099056
0.099264
0.09939
0.099516
0.099648
0.099797
0.100149
0.100487
0.100625
0.100762
0.10091
0.101055
0.101154
0.101239
0.101331
0.101427
0.101497
0.101556
0.101622
0.101688
0.101764
0.101836
0.101846
0.101836
0.101909
0.102041
0.10219
0.102347
0.102525
0.102708
0.102921
0.103189
0.103448
0.103694
0.103972
0.104298
0.104615
0.104918
0.105259
0.10577
0.106279
0.106823
0.107381
0.108
0.108619
0.109336
0.110044
0.110889
0.111746
0.112447
0.11313
0.113962
0.1148
0.11553
0.116214
0.116976
0.117786
0.11851
0.119192
0.119879
0.120551
0.121172
0.121722
0.122287
0.122875
0.123368
0.123689
0.123984
0.124223
0.124447
0.124603
0.124738
0.12487
0.125003
0.12508
0.125143
0.125142
0.125138
0.125257
0.125372
0.125369
0.125344
0.125276
0.125213
0.125036
0.124801
0.124653
0.124545
0.124455
0.124395
0.124323
0.124253
0.124166
0.124004
0.123882
0.12387
0.123852
0.12382
0.123784
0.123764
0.123741
0.123572
0.12339
0.123356
0.123331
0.123287
0.12327
0.123286
0.123313
0.12337
0.12344
0.123526
0.123607
0.123717
0.123884
0.124032
0.124133
0.124222
0.124272
0.124326
0.12433
0.124316
0.124316
0.124314
0.124298
0.124287
0.124263
0.124231
0.124146
0.124023
0.123816
0.123583
0.123336
0.12307
0.122728
0.122309
0.121866
0.121382
0.120864
0.120297
0.119737
0.119195
0.118645
0.117982
0.117326
0.1167
0.116076
0.115264
0.114437
0.113622
0.112809
0.111861
0.110861
0.109946
0.109065
0.108062
0.106925
0.105841
0.104879
0.103866
0.102667
0.1015
0.100457
0.099405
0.098211
0.097012
0.09593
0.094883
0.093747
0.092571
0.091527
0.090547
0.089528
0.088502
0.087563
0.086748
0.085926
0.085055
0.084228
0.083557
0.082902
0.082313
0.081736
0.08127
0.080827
0.080373
0.079925
0.079599
0.079312
0.079094
0.078927
0.078804
0.078738
0.078704
0.078688
0.078686
0.078681
0.078678
0.078742
0.078814
0.078925
0.079042
0.079188
0.07934
0.079531
0.079714
0.079944
0.080216
0.080445
0.080636
0.08084
0.081055
0.081268
0.08143
0.081589
0.081866
0.08215
0.082378
0.082592
0.082819
0.083043
0.083237
0.083422
0.083607
0.08379
0.083971
0.084158
0.084337
0.084513
0.084695
0.084864
0.085027
0.085168
0.085311
0.085472
0.085637
0.085771
0.085878
0.086011
0.086157
0.086318
0.086518
0.086687
0.086801
0.086917
0.087031
0.087148
0.087215
0.087272
0.087354
0.087448
0.087517
0.087585
0.087694
0.087833
0.087959
0.088035
0.088094
0.088164
0.088241
0.088328
0.088417
0.088529
0.08864
0.088779
0.088914
0.089075
0.089265
0.089403
0.0895
0.089633
0.089823
0.090025
0.090244
0.090475
0.090788
0.091096
0.091377
0.091661
0.092034
0.092431
0.092854
0.093292
0.093764
0.094293
0.094811
0.095305
0.095824
0.096417
0.097013
0.097595
0.098166
0.098891
0.099663
0.100351
0.101008
0.101743
0.102547
0.103364
0.104179
0.104996
0.105874
0.106741
0.107566
0.108389
0.109282
0.110168
0.111016
0.111838
0.112728
0.113702
0.114602
0.11536
0.116145
0.117037
0.117915
0.118639
0.119351
0.120116
0.120891
0.121581
0.122232
0.122847
0.123417
0.123952
0.124403
0.124821
0.12512
0.125418
0.125617
0.12581
0.125931
0.126032
0.126065
0.126059
0.125997
0.12587
0.125734
0.125577
0.125407
0.125165
0.124925
0.124683
0.124439
0.124206
0.123985
0.123859
0.123802
0.123718
0.123593
0.123479
0.123382
0.123283
0.123147
0.123009
0.122947
0.122898
0.122887
0.122899
0.122982
0.123134
0.123356
0.123761
0.124176
0.124703
0.125231
0.126167
0.127137
0.128208
0.129308
0.130637
0.132157
0.133694
0.135251
0.136867
0.138754
0.140637
0.142339
0.144033
0.145928
0.147875
0.149642
0.151295
0.153007
0.1548
0.15654
0.15809
0.159642
0.161257
0.162873
0.164256
0.165594
0.166928
0.168259
0.169475
0.170554
0.171619
0.172634
0.173639
0.17447
0.175301
0.176145
0.176996
0.177725
0.178394
0.17902
0.179594
0.180136
0.180584
0.181035
0.181535
0.182035
0.182436
0.182824
0.183236
0.183652
0.184036
0.184387
0.184729
0.18504
0.18535
0.185695
0.18604
0.186463
0.186899
0.187322
0.187731
0.188164
0.188638
0.189128
0.18968
0.190246
0.190942
0.191638
0.192335
0.193034
0.193856
0.19476
0.195648
0.196534
0.19748
0.198657
0.199836
0.201009
0.202184
0.203517
0.204903
0.206258
0.207594
0.208987
0.21048
0.211947
0.213205
0.214472
0.215807
0.217167
0.218396
0.219571
0.220745
0.221913
0.223037
0.224032
0.225025
0.225961
0.226891
0.227601
0.228274
0.228968
0.229687
0.230366
0.23095
0.231532
0.232081
0.232625
0.233091
0.233552
0.233999
0.234444
0.234831
0.235166
0.235494
0.235826
0.236152
0.236423
0.23669
0.236948
0.237208
0.237451
0.237648
0.23783
0.238014
0.238176
0.238281
0.238377
0.238399
0.238401
0.23839
0.238358
0.238331
0.238306
0.238255
0.238107
0.237919
0.237738
0.237532
0.237374
0.237224
0.237036
0.236796
0.236536
0.236211
0.235827
0.235494
0.235185
0.234833
0.2345
0.234129
0.233656
0.233145
0.232703
0.232364
0.23195
0.231465
0.231084
0.230706
0.230227
0.229723
0.229239
0.228757
0.228231
0.227714
0.227229
0.226724
0.22615
0.22557
0.225038
0.224533
0.224022
0.223529
0.223042
0.222517
0.221937
0.221377
0.220898
0.220394
0.219795
0.219268
0.218811
0.2183
0.21776
0.217301
0.216921
0.216576
0.216211
0.215874
0.215565
0.215215
0.214851
0.21453
0.21424
0.213942
0.213631
0.213271
0.212876
0.212412
0.211942
0.211531
0.211147
0.210717
0.210301
0.209918
0.209477
0.208903
0.208359
0.207918
0.207444
0.206906
0.206411
0.205943
0.205429
0.20485
0.204339
0.203952
0.203536
0.20305
0.202636
0.202276
0.201868
0.201424
0.201028
0.200696
0.200371
0.200031
0.199717
0.199407
0.199101
0.1988
0.198521
0.198265
0.197999
0.197727
0.197457
0.197165
0.196838
0.196519
0.196288
0.196079
0.195836
0.195589
0.195386
0.195171
0.194876
0.194592
0.194447
0.194316
0.194186
0.194062
0.193902
0.193741
0.193618
0.193509
0.193457
0.193433
0.193457
0.19348
0.193483
0.193487
0.1935
0.193531
0.193619
0.193737
0.193868
0.193989
0.194103
0.194216
0.194328
0.194444
0.194579
0.194739
0.19491
0.19504
0.195133
0.195208
0.195272
0.195362
0.195479
0.195606
0.19573
0.195839
0.19594
0.196059
0.196188
0.196288
0.196383
0.196526
0.196681
0.196806
0.196921
0.197018
0.197111
0.197191
0.197269
0.197385
0.197508
0.197583
0.197645
0.197649
0.197644
0.197662
0.197686
0.197693
0.197695
0.197671
0.197645
0.197545
0.197442
0.197375
0.19731
0.197201
0.197088
0.19693
0.196771
0.1966
0.196428
0.196271
0.196116
0.195931
0.195746
0.195546
0.195345
0.195134
0.194921
0.194691
0.19446
0.194221
0.193983
0.193766
0.19355
0.193336
0.193129
0.192982
0.192844
0.192801
0.192756
0.192693
0.192635
0.192619
0.192612
0.19267
0.192733
0.192841
0.192948
0.193058
0.193176
0.193339
0.193503
0.193664
0.193843
0.194143
0.19444
0.194727
0.195027
0.195394
0.195766
0.196152
0.19655
0.197036
0.197506
0.197918
0.19834
0.198805
0.199272
0.19973
0.200197
0.200729
0.201251
0.201732
0.202217
0.20271
0.203188
0.203587
0.203996
0.204476
0.204935
0.205283
0.205629
0.205951
0.20626
0.206485
0.206707
0.206931
0.207143
0.20725
0.207349
0.207416
0.20748
0.207476
0.207461
0.207377
0.207289
0.207145
0.206993
0.206761
0.206529
0.206232
0.205922
0.205533
0.20514
0.204697
0.204242
0.203622
0.203004
0.202468
0.201934
0.201414
0.200901
0.200543
0.200209
0.200082
0.199977
0.200234
0.200535
0.201309
0.202126
0.20318
0.204267
0.205784
0.207347
0.208978
0.210603
0.212526
0.214494
0.216379
0.218254
0.220319
0.22242
0.224362
0.226259
0.228387
0.230586
0.232586
0.234528
0.23669
0.238928
0.24102
0.243055
0.245326
0.247703
0.249889
0.25199
0.254303
0.256724
0.258982
0.261143
0.263522
0.266043
0.268376
0.270594
0.273
0.275545
0.277967
0.280273
0.282766
0.285443
0.287977
0.290384
0.292949
0.295695
0.298367
0.30091
0.303603
0.306541
0.309352
0.311945
0.314701
0.317774
0.320756
0.323475
0.326306
0.329461
0.332517
0.335273
0.338116
0.341232
0.344305
0.34708
0.349912
0.35309
0.356229
0.359069
0.361941
0.365073
0.368199
0.37101
0.37383
0.376998
0.380181
0.383005
0.385814
0.388945
0.392117
0.395005
0.397852
0.401016
0.404251
0.407177
0.410048
0.413166
0.416361
0.41927
0.422062
0.425086
0.428232
0.431113
0.433865
0.436773
0.439771
0.442588
0.44526
0.448077
0.451034
0.453778
0.456299
0.458942
0.461741
0.464406
0.466829
0.46933
0.471983
0.474513
0.476743
0.479034
0.481472
0.483852
0.485936
0.488069
0.490438
0.49276
0.494769
0.496804
0.498969
0.501121
0.502976
0.504826
0.506831
0.508855
0.510641
0.512403
0.514181
0.51597
0.517539
0.519067
0.520761
0.522509
0.523975
0.525349
0.526842
0.528393
0.529757
0.530992
0.532322
0.533733
0.535001
0.536138
0.537298
0.538464
0.53956
0.540542
0.541538
0.542565
0.543542
0.544392
0.545254
0.546083
0.546899
0.547612
0.548327
0.549143
0.549958
0.550634
0.551308
0.552035
0.552771
0.553467
0.554159
0.554861
0.55557
0.556247
0.55692
0.557607
0.558296
0.558935
0.559543
0.560178
0.560832
0.561401
0.561902
0.562427
0.562984
0.563543
0.56408
0.564625
0.565175
0.56566
0.566034
0.566416
0.566783
0.56713
0.567407
0.567687
0.568035
0.568385
0.568723
0.569059
0.569425
0.569802
0.570294
0.570791
0.571427
0.572093
0.572764
0.573441
0.574154
0.574872
0.575594
0.576323
0.577073
0.577827
0.578534
0.579207
0.579891
0.58059
0.58122
0.58167
0.582147
0.582744
0.583304
0.583706
0.584102
0.584483
0.58487
0.585236
0.585599
0.585955
0.586313
0.586548
0.586778
0.586969
0.587152
0.587346
0.587533
0.587733
0.587953
0.588099
0.58819
0.588266
0.588327
0.588425
0.588567
0.58872
0.588895
0.589074
0.589273
0.589466
0.58966
0.589867
0.590063
0.590261
0.590537
0.590816
0.591084
0.591353
0.591721
0.592107
0.592398
0.59266
0.593056
0.593508
0.593914
0.594303
0.594706
0.595127
0.595587
0.596069
0.596556
0.597053
0.597546
0.59803
0.598537
0.599124
0.599709
0.600228
0.60075
0.601329
0.601913
0.602431
0.602949
0.603513
0.60409
0.604688
0.605293
0.605903
0.606519
0.607138
0.607765
0.608425
0.609114
0.60981
0.610514
0.611301
0.612255
0.613206
0.614127
0.615071
0.616114
0.617164
0.618197
0.619237
0.620545
0.621873
0.622988
0.624077
0.62537
0.626729
0.627903
0.628991
0.630186
0.631458
0.632644
0.633739
0.634885
0.636106
0.637257
0.638244
0.639293
0.640569
0.641837
0.642999
0.644165
0.64544
0.64672
0.647918
0.649116
0.650421
0.651746
0.652957
0.654118
0.655341
0.656612
0.657793
0.658892
0.660061
0.661324
0.66254
0.663636
0.664752
0.665961
0.667142
0.668128
0.669122
0.670289
0.671461
0.672407
0.67332
0.674231
0.675165
0.676005
0.676798
0.677665
0.678564
0.679431
0.680282
0.68109
0.681835
0.682621
0.683485
0.684326
0.685085
0.685845
0.68653
0.687211
0.687973
0.688749
0.689445
0.690114
0.690858
0.691653
0.692391
0.693076
0.693694
0.694281
0.694885
0.695495
0.696087
0.69663
0.697153
0.697589
0.698028
0.698462
0.698892
0.699351
0.699822
0.700227
0.700614
0.701002
0.701388
0.701738
0.702037
0.702277
0.702541
0.702841
0.703147
0.703415
0.703642
0.703893
0.704135
0.704357
0.704552
0.704776
0.705034
0.705268
0.705413
0.705566
0.705534
0.705438
0.705437
0.705484
0.705589
0.705743
0.705818
0.705787
0.70576
0.70575
0.705757
0.70576
0.70575
0.705705
0.70564
0.705533
0.705425
0.705185
0.70488
0.704823
0.704892
0.704851
0.70476
0.704715
0.704603
0.704394
0.703969
0.703586
0.703436
0.703272
0.703048
0.702828
0.702599
0.702343
0.702045
0.701736
0.701463
0.701217
0.700929
0.700611
0.70043
0.700232
0.69983
0.699405
0.699107
0.698824
0.698496
0.698246
0.698069
0.697875
0.697602
0.697235
0.69686
0.696465
0.696124
0.695943
0.695707
0.695392
0.695054
0.694683
0.694311
0.693956
0.693633
0.693313
0.69294
0.69254
0.692185
0.691867
0.691473
0.690958
0.690437
0.690036
0.68975
0.68949
0.689177
0.688755
0.688248
0.687714
0.687338
0.687052
0.686637
0.686161
0.685782
0.685434
0.685008
0.684554
0.684069
0.683498
0.683106
0.682885
0.682571
0.68242
0.682227
0.681724
0.681242
0.680894
0.680533
0.680139
0.679759
0.679482
0.679374
0.679314
0.679127
0.678846
0.67851
0.678403
0.678374
0.67826
0.678306
0.67833
0.678193
0.678024
0.677927
0.67787
0.677938
0.678161
0.678463
0.678637
0.678618
0.678536
0.678596
0.67869
0.678841
0.679072
0.679274
0.679546
0.679767
0.679853
0.679912
0.67998
0.68012
0.680604
0.681196
0.681544
0.681735
0.681905
0.682094
0.681958
0.682025
0.682295
0.682514
0.682793
0.683101
0.683359
0.6836
0.683901
0.68428
0.684602
0.684874
0.685128
0.685407
0.685677
0.685919
0.686136
0.686295
0.686512
0.686816
0.687005
0.687232
0.687495
0.687677
0.687904
0.688141
0.688323
0.688504
0.688694
0.688879
0.689023
0.689185
0.689409
0.689644
0.689781
0.689879
0.690026
0.690141
0.690258
0.69037
0.690461
0.690555
0.690675
0.690808
0.690885
0.690993
0.691133
0.691155
0.691259
0.691415
0.691451
0.691492
0.691554
0.691629
0.691687
0.691718
0.691745
0.691808
0.691883
0.691936
0.69194
0.691893
0.691911
0.692024
0.692045
0.692034
0.692025
0.692051
0.692121
0.692179
0.692167
0.692134
0.69213
0.692148
0.692094
0.692039
0.691991
0.691948
0.691963
0.691977
0.691926
0.691874
0.691809
0.691752
0.691712
0.691669
0.691622
0.69156
0.69144
0.691336
0.691271
0.691154
0.691094
0.69105
0.690926
0.690801
0.690722
0.690708
0.690685
0.690623
0.690521
0.690452
0.690401
0.690342
0.690249
0.690154
0.690089
0.690077
0.690072
0.690032
0.689969
0.689945
0.689936
0.689916
0.689854
0.689776
0.689695
0.689616
0.689523
0.689418
0.68934
0.689312
0.689273
0.689241
0.689226
0.689205
0.689138
0.689056
0.689029
0.688971
0.688924
0.688911
0.688845
0.688771
0.688712
0.688641
0.688555
0.68847
0.688406
0.688345
0.688266
0.688152
0.688027
0.68793
0.687857
0.687764
0.687702
0.687659
0.687591
0.687501
0.68738
0.687273
0.687223
0.687174
0.687091
0.686991
0.686925
0.686871
0.686765
0.686594
0.686416
0.686272
0.686129
0.685954
0.685803
0.685731
0.685652
0.685578
0.685487
0.685355
0.685204
0.685063
0.684947
0.68483
0.684708
0.684583
0.68447
0.684346
0.684212
0.684091
0.683964
0.683813
0.683647
0.683505
0.683361
0.683219
0.683112
0.683057
0.68301
0.682895
0.682752
0.682599
0.682469
0.682354
0.68222
0.682086
0.682008
0.681937
0.681843
0.681722
0.681595
0.681456
0.681307
0.681163
0.681031
0.680919
0.680816
0.680706
0.68059
0.68048
0.680381
0.680268
0.680158
0.68009
0.68001
0.679905
0.679799
0.679699
0.679606
0.679517
0.679429
0.679366
0.67931
0.679221
0.679122
0.679026
0.678943
0.67885
0.678743
0.678632
0.678542
0.678455
0.678375
0.678305
0.678219
0.678133
0.678057
0.67797
0.677858
0.677739
0.677653
0.677586
0.677503
0.677388
0.677307
0.677228
0.677113
0.676982
0.676857
0.676728
0.676578
0.676441
0.676332
0.676233
0.676096
0.675975
0.675858
0.675684
0.675532
0.675407
0.67529
0.675211
0.675128
0.674985
0.674804
0.674638
0.674492
0.674317
0.674157
0.673999
0.673834
0.673691
0.673536
0.673349
0.673162
0.672958
0.672748
0.672557
0.672374
0.672205
0.67203
0.671827
0.671631
0.67144
0.671222
0.671006
0.670784
0.670555
0.67035
0.670129
0.669882
0.66966
0.669441
0.669216
0.668978
0.668749
0.668491
0.668197
0.667935
0.667691
0.667455
0.667207
0.666941
0.666658
0.666375
0.666106
0.665832
0.665556
0.665306
0.66506
0.664786
0.664477
0.664165
0.663872
0.663594
0.663293
0.662962
0.662633
0.662348
0.662059
0.661745
0.66142
0.661128
0.660828
0.660504
0.660205
0.659903
0.659597
0.659301
0.659028
0.658748
0.658434
0.658124
0.657828
0.657526
0.657184
0.656842
0.65652
0.656217
0.655912
0.655595
0.655255
0.654904
0.654597
0.654309
0.653963
0.653609
0.6533
0.653039
0.652717
0.652379
0.652055
0.651734
0.651419
0.651104
0.650781
0.650438
0.650087
0.649755
0.649451
0.64912
0.648761
0.648436
0.648139
0.647828
0.647469
0.647117
0.646794
0.646497
0.646183
0.645885
0.645618
0.645364
0.645108
0.644821
0.644516
0.644257
0.643996
0.643702
0.643391
0.64306
0.642746
0.642463
0.642133
0.641805
0.641512
0.641205
0.640798
0.64017
0.639417
0.638737
0.638202
0.63777
0.637322
0.63696
0.636767
0.636659
0.636501
0.636256
0.636007
0.635763
0.635621
0.635598
0.635528
0.635085
0.634241
0.633525
0.633051
0.632732
0.632265
0.631707
0.631047
0.630315
0.629565
0.62877
0.628097
0.627629
0.627164
0.626569
0.625862
0.625315
0.624788
0.624186
0.623452
0.622497
0.621419
0.62043
0.619457
0.61847
0.617446
0.616437
0.615395
0.614317
0.613236
0.612135
0.61102
0.609903
0.60879
0.607647
0.606484
0.605347
0.604193
0.603028
0.60186
0.600655
0.599472
0.598345
0.597214
0.596064
0.59493
0.593854
0.592746
0.591679
0.590691
0.589676
0.588683
0.587738
0.586817
0.585878
0.584958
0.584112
0.583308
0.582503
0.581681
0.580917
0.58015
0.579416
0.578748
0.57803
0.577333
0.576733
0.576142
0.575558
0.574976
0.574424
0.573898
0.573404
0.572916
0.572404
0.571933
0.571516
0.571056
0.570573
0.570119
0.569728
0.569288
0.568863
0.568502
0.568095
0.567683
0.567291
0.566904
0.566472
0.566011
0.565587
0.565177
0.56478
0.564363
0.563903
0.563468
0.563081
0.562662
0.562181
0.561633
0.561089
0.560571
0.560119
0.559693
0.559192
0.558594
0.558024
0.557595
0.557055
0.556495
0.556009
0.555505
0.554987
0.554437
0.553876
0.553314
0.552809
0.552313
0.551633
0.550953
0.550417
0.549871
0.549315
0.548725
0.548128
0.547555
0.546964
0.546317
0.545668
0.545092
0.544585
0.544007
0.543356
0.54268
0.542046
0.541368
0.540693
0.540053
0.539415
0.538748
0.538096
0.537497
0.536767
0.536009
0.535378
0.534771
0.534219
0.533602
0.532822
0.53204
0.531313
0.530633
0.530045
0.529403
0.528626
0.527902
0.527292
0.526739
0.526047
0.525171
0.524374
0.523844
0.523185
0.522405
0.521574
0.52085
0.520115
0.519344
0.518557
0.517754
0.516987
0.516191
0.515191
0.514239
0.513433
0.512581
0.511844
0.510975
0.509833
0.508819
0.507955
0.507102
0.506012
0.504897
0.503919
0.503002
0.501843
0.500601
0.499481
0.498283
0.497109
0.49594
0.49466
0.493131
0.491662
0.490508
0.489161
0.487638
0.485899
0.483966
0.482489
0.481364
0.479685
0.47721
0.474918
0.473552
0.471618
0.469282
0.467108
0.465643
0.463776
0.461362
0.458847
0.45563
0.453342
0.452239
0.44967
0.446577
0.443731
0.441576
0.43927
0.437182
0.435075
0.431255
0.428593
0.427651
0.424953
0.422141
0.419637
0.41727
0.414467
0.411312
0.408466
0.40619
0.404913
0.40311
0.399384
0.39614
0.395724
0.396686
0.39248
0.389169
0.388661
0.383899
0.380289
0.380244
0.381556
0.377615
0.37686
0.382926
0.379225
0.377454
0.375301
0.364198
0.369592
0.384098
