0.30091
0.303603
0.306541
0.309352
0.311945
0.314701
0.317774
0.320756
0.323475
0.326306
0.329461
0.332517
0.335273
0.338116
0.341232
0.344305
0.34708
0.349912
0.35309
0.356229
0.359069
0.361941
0.365073
0.368199
0.37101
0.37383
0.376998
0.380181
0.383005
0.385814
0.388945
0.392117
0.395005
0.397852
0.401016
0.404251
0.407177
0.410048
0.413166
0.416361
0.41927
0.422062
0.425086
0.428232
0.431113
0.433865
0.436773
0.439771
0.442588
0.44526
0.448077
0.451034
0.453778
0.456299
0.458942
0.461741
0.464406
0.466829
0.46933
0.471983
0.474513
0.476743
0.479034
0.481472
0.483852
0.485936
0.488069
0.490438
0.49276
0.494769
0.496804
0.498969
0.501121
0.502976
0.504826
0.506831
0.508855
0.510641
0.512403
0.514181
0.51597
0.517539
0.519067
0.520761
0.522509
0.523975
0.525349
0.526842
0.528393
0.529757
0.530992
0.532322
0.533733
0.535001
0.536138
0.537298
0.538464
0.53956
0.540542
0.541538
0.542565
0.543542
0.544392
0.545254
0.546083
0.546899
0.547612
0.548327
0.549143
0.549958
0.550634
0.551308
0.552035
0.552771
0.553467
0.554159
0.554861
0.55557
0.556247
0.55692
0.557607
0.558296
0.558935
0.559543
0.560178
0.560832
0.561401
0.561902
0.562427
0.562984
0.563543
0.56408
0.564625
0.565175
0.56566
0.566034
0.566416
0.566783
0.56713
0.567407
0.567687
0.568035
0.568385
0.568723
0.569059
0.569425
0.569802
0.570294
0.570791
0.571427
0.572093
0.572764
0.573441
0.574154
0.574872
0.575594
0.576323
0.577073
0.577827
0.578534
0.579207
0.579891
0.58059
0.58122
0.58167
0.582147
0.582744
0.583304
0.583706
0.584102
0.584483
0.58487
0.585236
0.585599
0.585955
0.586313
0.586548
0.586778
0.586969
0.587152
0.587346
0.587533
0.587733
0.587953
0.588099
0.58819
0.588266
0.588327
0.588425
0.588567
0.58872
0.588895
0.589074
0.589273
0.589466
0.58966
0.589867
0.590063
0.590261
0.590537
0.590816
0.591084
0.591353
0.591721
0.592107
0.592398
0.59266
0.593056
0.593508
0.593914
0.594303
0.594706
0.595127
0.595587
0.596069
0.596556
0.597053
0.597546
0.59803
0.598537
0.599124
0.599709
0.600228
0.60075
0.601329
0.601913
0.602431
0.602949
0.603513
0.60409
0.604688
0.605293
0.605903
0.606519
0.607138
0.607765
0.608425
0.609114
0.60981
0.610514
0.611301
0.612255
0.613206
0.614127
0.615071
0.616114
0.617164
0.618197
0.619237
0.620545
0.621873
0.622988
0.624077
0.62537
0.626729
0.627903
0.628991
0.630186
0.631458
0.632644
0.633739
0.634885
0.636106
0.637257
0.638244
0.639293
0.640569
0.641837
0.642999
0.644165
0.64544
0.64672
0.647918
0.649116
0.650421
0.651746
0.652957
0.654118
0.655341
0.656612
0.657793
0.658892
0.660061
0.661324
0.66254
0.663636
0.664752
0.665961
0.667142
0.668128
0.669122
0.670289
0.671461
0.672407
0.67332
0.674231
0.675165
0.676005
0.676798
0.677665
0.678564
0.679431
0.680282
0.68109
0.681835
0.682621
0.683485
0.684326
0.685085
0.685845
0.68653
0.687211
0.687973
0.688749
0.689445
0.690114
0.690858
0.691653
0.692391
0.693076
0.693694
0.694281
0.694885
0.695495
0.696087
0.69663
0.697153
0.697589
0.698028
0.698462
0.698892
0.699351
0.699822
0.700227
0.700614
0.701002
0.701388
0.701738
0.702037
0.702277
0.702541
0.702841
0.703147
0.703415
0.703642
0.703893
0.704135
0.704357
0.704552
0.704776
0.705034
0.705268
0.705413
0.705566
0.705534
0.705438
0.705437
0.705484
0.705589
0.705743
0.705818
0.705787
0.70576
0.70575
0.705757
0.70576
0.70575
0.705705
0.70564
0.705533
0.705425
0.705185
0.70488
0.704823
0.704892
0.704851
0.70476
0.704715
0.704603
0.704394
0.703969
0.703586
0.703436
0.703272
0.703048
0.702828
0.702599
0.702343
0.702045
0.701736
0.701463
0.701217
0.700929
0.700611
0.70043
0.700232
0.69983
0.699405
0.699107
0.698824
0.698496
0.698246
0.698069
0.697875
0.697602
0.697235
0.69686
0.696465
0.696124
0.695943
0.695707
0.695392
0.695054
0.694683
0.694311
0.693956
0.693633
0.693313
0.69294
0.69254
0.692185
0.691867
0.691473
0.690958
0.690437
0.690036
0.68975
0.68949
0.689177
0.688755
0.688248
0.687714
0.687338
0.687052
0.686637
0.686161
0.685782
0.685434
0.685008
0.684554
0.684069
0.683498
0.683106
0.682885
0.682571
0.68242
0.682227
0.681724
0.681242
0.680894
0.680533
0.680139
0.679759
0.679482
0.679374
0.679314
0.679127
0.678846
0.67851
0.678403
0.678374
0.67826
0.678306
0.67833
0.678193
0.678024
0.677927
0.67787
0.677938
0.678161
0.678463
0.678637
0.678618
0.678536
0.678596
0.67869
0.678841
0.679072
0.679274
0.679546
0.679767
0.679853
0.679912
0.67998
0.68012
0.680604
0.681196
0.681544
0.681735
0.681905
0.682094
0.681958
0.682025
0.682295
0.682514
0.682793
0.683101
0.683359
0.6836
0.683901
0.68428
0.684602
0.684874
0.685128
0.685407
0.685677
0.685919
0.686136
0.686295
0.686512
0.686816
0.687005
0.687232
0.687495
0.687677
0.687904
0.688141
0.688323
0.688504
0.688694
0.688879
0.689023
0.689185
0.689409
0.689644
0.689781
0.689879
0.690026
0.690141
0.690258
0.69037
0.690461
0.690555
0.690675
0.690808
0.690885
0.690993
0.691133
0.691155
0.691259
0.691415
0.691451
0.691492
0.691554
0.691629
0.691687
0.691718
0.691745
0.691808
0.691883
0.691936
0.69194
0.691893
0.691911
0.692024
0.692045
0.692034
0.692025
0.692051
0.692121
0.692179
0.692167
0.692134
0.69213
0.692148
0.692094
0.692039
0.691991
0.691948
0.691963
0.691977
0.691926
0.691874
0.691809
0.691752
0.691712
0.691669
0.691622
0.69156
0.69144
0.691336
0.691271
0.691154
0.691094
0.69105
0.690926
0.690801
0.690722
0.690708
0.690685
0.690623
0.690521
0.690452
0.690401
0.690342
0.690249
0.690154
0.690089
0.690077
0.690072
0.690032
0.689969
0.689945
0.689936
0.689916
0.689854
0.689776
0.689695
0.689616
0.689523
0.689418
0.68934
0.689312
0.689273
0.689241
0.689226
0.689205
0.689138
0.689056
0.689029
0.688971
0.688924
0.688911
0.688845
0.688771
0.688712
0.688641
0.688555
0.68847
0.688406
0.688345
0.688266
0.688152
0.688027
0.68793
0.687857
0.687764
0.687702
0.687659
0.687591
0.687501
0.68738
0.687273
0.687223
0.687174
0.687091
0.686991
0.686925
0.686871
0.686765
0.686594
0.686416
0.686272
0.686129
0.685954
0.685803
0.685731
0.685652
0.685578
0.685487
0.685355
0.685204
0.685063
0.684947
0.68483
0.684708
0.684583
0.68447
0.684346
0.684212
0.684091
0.683964
0.683813
0.683647
0.683505
0.683361
0.683219
0.683112
0.683057
0.68301
0.682895
0.682752
0.682599
0.682469
0.682354
0.68222
0.682086
0.682008
0.681937
0.681843
0.681722
0.681595
0.681456
0.681307
0.681163
0.681031
0.680919
0.680816
0.680706
0.68059
0.68048
0.680381
0.680268
0.680158
0.68009
0.68001
0.679905
0.679799
0.679699
0.679606
0.679517
0.679429
0.679366
0.67931
0.679221
0.679122
0.679026
0.678943
0.67885
0.678743
0.678632
0.678542
0.678455
0.678375
0.678305
0.678219
0.678133
0.678057
0.67797
0.677858
0.677739
0.677653
0.677586
0.677503
0.677388
0.677307
0.677228
0.677113
0.676982
0.676857
0.676728
0.676578
0.676441
0.676332
0.676233
0.676096
0.675975
0.675858
0.675684
0.675532
0.675407
0.67529
0.675211
0.675128
0.674985
0.674804
0.674638
0.674492
0.674317
0.674157
0.673999
0.673834
0.673691
0.673536
0.673349
0.673162
0.672958
0.672748
0.672557
0.672374
0.672205
0.67203
0.671827
0.671631
0.67144
0.671222
0.671006
0.670784
0.670555
0.67035
0.670129
0.669882
0.66966
0.669441
0.669216
0.668978
0.668749
0.668491
0.668197
0.667935
0.667691
0.667455
0.667207
0.666941
0.666658
0.666375
0.666106
0.665832
0.665556
0.665306
0.66506
0.664786
0.664477
0.664165
0.663872
0.663594
0.663293
0.662962
0.662633
0.662348
0.662059
0.661745
0.66142
0.661128
0.660828
0.660504
0.660205
0.659903
0.659597
0.659301
0.659028
0.658748
0.658434
0.658124
0.657828
0.657526
0.657184
0.656842
0.65652
0.656217
0.655912
0.655595
0.655255
0.654904
0.654597
0.654309
0.653963
0.653609
0.6533
0.653039
0.652717
0.652379
0.652055
0.651734
0.651419
0.651104
0.650781
0.650438
0.650087
0.649755
0.649451
0.64912
0.648761
0.648436
0.648139
0.647828
0.647469
0.647117
0.646794
0.646497
0.646183
0.645885
0.645618
0.645364
0.645108
0.644821
0.644516
0.644257
0.643996
0.643702
0.643391
0.64306
0.642746
0.642463
0.642133
0.641805
0.641512
0.641205
0.640798
0.64017
0.639417
0.638737
0.638202
0.63777
0.637322
0.63696
0.636767
0.636659
0.636501
0.636256
0.636007
0.635763
0.635621
0.635598
0.635528
0.635085
0.634241
0.633525
0.633051
0.632732
0.632265
0.631707
0.631047
0.630315
0.629565
0.62877
0.628097
0.627629
0.627164
0.626569
0.625862
0.625315
0.624788
0.624186
0.623452
0.622497
0.621419
0.62043
0.619457
0.61847
0.617446
0.616437
0.615395
0.614317
0.613236
0.612135
0.61102
0.609903
0.60879
0.607647
0.606484
0.605347
0.604193
0.603028
0.60186
0.600655
0.599472
0.598345
0.597214
0.596064
0.59493
0.593854
0.592746
0.591679
0.590691
0.589676
0.588683
0.587738
0.586817
0.585878
0.584958
0.584112
0.583308
0.582503
0.581681
0.580917
0.58015
0.579416
0.578748
0.57803
0.577333
0.576733
0.576142
0.575558
0.574976
0.574424
0.573898
0.573404
0.572916
0.572404
0.571933
0.571516
0.571056
0.570573
0.570119
0.569728
0.569288
0.568863
0.568502
0.568095
0.567683
0.567291
0.566904
0.566472
0.566011
0.565587
0.565177
0.56478
0.564363
0.563903
0.563468
0.563081
0.562662
0.562181
0.561633
0.561089
0.560571
0.560119
0.559693
0.559192
0.558594
0.558024
0.557595
0.557055
0.556495
0.556009
0.555505
0.554987
0.554437
0.553876
0.553314
0.552809
0.552313
0.551633
0.550953
0.550417
0.549871
0.549315
0.548725
0.548128
0.547555
0.546964
0.546317
0.545668
0.545092
0.544585
0.544007
0.543356
0.54268
0.542046
0.541368
0.540693
0.540053
0.539415
0.538748
0.538096
0.537497
0.536767
0.536009
0.535378
0.534771
0.534219
0.533602
0.532822
0.53204
0.531313
0.530633
0.530045
0.529403
0.528626
0.527902
0.527292
0.526739
0.526047
0.525171
0.524374
0.523844
0.523185
0.522405
0.521574
0.52085
0.520115
0.519344
0.518557
0.517754
0.516987
0.516191
0.515191
0.514239
0.513433
0.512581
0.511844
0.510975
0.509833
0.508819
0.507955
0.507102
0.506012
0.504897
0.503919
0.503002
0.501843
0.500601
0.499481
0.498283
0.497109
0.49594
0.49466
0.493131
0.491662
0.490508
0.489161
0.487638
0.485899
0.483966
0.482489
0.481364
0.479685
0.47721
0.474918
0.473552
0.471618
0.469282
0.467108
0.465643
0.463776
0.461362
0.458847
0.45563
0.453342
0.452239
0.44967
0.446577
0.443731
0.441576
0.43927
0.437182
0.435075
0.431255
0.428593
0.427651
0.424953
0.422141
0.419637
0.41727
0.414467
0.411312
0.408466
0.40619
0.404913
0.40311
0.399384
0.39614
0.395724
0.396686
0.39248
0.389169
0.388661
0.383899
0.380289
0.380244
0.381556
0.377615
0.37686
0.382926
0.379225
0.377454
0.375301
0.364198
0.369592
0.384098
