0.027269
0.046184
0.032541
0.033429
0.041037
0.032923
0.032616
0.049119
0.082954
0.142475
0.20331
0.217943
0.238208
0.245586
0.246084
0.256437
0.280862
0.299901
0.304751
0.307714
0.324136
0.34512
0.363224
0.375971
0.384273
0.394272
0.394361
0.391956
0.358198
0.329391
0.326103
0.361928
0.399826
0.421611
0.431458
0.433839
0.443222
0.448003
0.456455
0.456364
0.463987
0.465302
0.471214
0.469569
0.469963
0.468677
0.465048
0.460926
0.457612
0.451337
0.447754
0.443512
0.43841
0.432417
0.420519
0.414312
0.402308
0.386865
0.374063
0.361364
0.348653
0.337295
0.326034
0.317567
0.309636
0.296726
0.282328
0.256404
0.247785
0.30508
0.385193
0.443188
0.480791
0.493234
0.498972
0.504084
0.509261
0.507707
0.508539
0.508248
0.511279
0.508971
0.511563
0.518379
0.515183
0.521095
0.518151
0.520796
0.527021
0.521581
0.519406
0.524134
0.522144
0.526214
0.521617
0.522349
0.523213
0.522545
0.521221
0.519574
0.517447
0.517474
0.517351
0.515278
0.513452
0.514438
0.514018
0.511143
0.509392
0.506775
0.505759
0.503871
0.502404
0.50206
0.495348
0.499868
0.49274
0.490997
0.486191
0.483229
0.482557
0.481027
0.475724
0.471043
0.467538
0.463603
0.456162
0.452024
0.44572
0.440377
0.440418
0.434953
0.425031
0.405312
0.391553
0.3857
0.39355
0.389592
0.391731
0.391151
0.40171
0.420881
0.439942
0.464662
0.481138
0.491082
0.503788
0.506947
0.511438
0.514709
0.51462
0.51653
0.518811
0.515747
0.518485
0.519832
0.521467
0.521054
0.524303
0.525844
0.525871
0.526452
0.52661
0.524198
0.526415
0.525057
0.52606
0.52283
0.523008
0.522717
0.521689
0.523172
0.520774
0.518669
0.518417
0.517922
0.516736
0.514913
0.512512
0.511911
0.510698
0.507257
0.505651
0.503188
0.50243
0.498221
0.49792
0.493189
0.493014
0.488451
0.486972
0.486332
0.483185
0.481783
0.477258
0.473447
0.471206
0.466961
0.464479
0.459369
0.455683
0.452195
0.447411
0.445275
0.440169
0.438849
0.434465
0.427345
0.424037
0.420869
0.416852
0.414361
0.411005
0.406675
0.403841
0.399684
0.396063
0.395067
0.391075
0.385471
0.383737
0.380498
0.37867
0.376267
0.37319
0.373464
0.372727
0.371141
0.366472
0.369563
0.370198
0.366835
0.372512
0.370978
0.375633
0.378502
0.382419
0.388849
0.395503
0.401715
0.415334
0.416305
0.422529
0.421269
0.422854
0.427846
0.428433
0.428933
0.430852
0.430452
0.431281
0.431888
0.429454
0.429482
0.429189
0.427644
0.428558
0.427292
0.427169
0.422966
0.420185
0.420844
0.417148
0.419864
0.415538
0.416363
0.41065
0.410373
0.405507
0.404716
0.403419
0.399593
0.394826
0.39656
0.391382
0.39121
0.384588
0.382023
0.375378
0.375645
0.371551
0.369851
0.366725
0.361306
0.359468
0.35738
0.349481
0.345221
0.338753
0.33607
0.330992
0.3277
0.316364
0.318181
0.312059
0.310454
0.308866
0.305576
0.30365
0.302458
0.301521
0.299307
0.301903
0.296711
0.29484
0.295527
0.29492
0.292423
0.293399
0.291523
0.293387
0.293558
0.292099
0.2925
0.294828
0.293892
0.295516
0.294118
0.296279
0.295297
0.296879
0.295854
0.295561
0.295777
0.298289
0.299702
0.299828
0.301802
0.301238
0.303335
0.30213
0.301149
0.303342
0.305193
0.305278
0.303773
0.305765
0.305903
0.307868
0.305079
0.307293
0.306098
0.303764
0.304022
0.301737
0.303206
0.301046
0.299832
0.297194
0.294956
0.290934
0.289451
0.285111
0.28326
0.279729
0.276007
0.271376
0.268476
0.26281
0.259203
0.254475
0.252016
0.247575
0.245886
0.237986
0.237026
0.229158
0.225842
0.222183
0.21438
0.213216
0.206768
0.203285
0.20171
0.196907
0.194723
0.191233
0.188682
0.185828
0.182474
0.182376
0.177558
0.174614
0.174524
0.171585
0.1693
0.167431
0.164678
0.162726
0.160383
0.158254
0.155071
0.153385
0.149708
0.145549
0.14041
0.137796
0.132732
0.128717
0.124883
0.12069
0.116903
0.114551
0.111624
0.109757
0.108215
0.107107
0.105207
0.10489
0.101645
0.099267
0.097591
0.095433
0.093625
0.094601
0.094071
0.090958
0.089314
0.088324
0.086785
0.085453
0.085962
0.085417
0.082562
0.083167
0.081568
0.074648
0.078676
0.076824
0.074842
0.072163
0.071542
0.071423
0.06753
0.071805
0.06678
0.066965
0.065516
0.065206
0.060002
0.057196
0.055774
0.0562
0.057181
0.054812
0.050364
0.04924
0.04612
0.043541
0.041554
0.043192
0.042584
0.041843
0.04178
0.049421
0.038085
0.038243
0.043091
0.037599
0.0417
0.039752
0.038217
0.037349
0.036859
0.033867
0.032579
0.036253
0.03995
0.033033
