
0.033033
0.03995
0.036253
0.032579
0.033867
0.036859
0.037349
0.038217
0.039752
0.0417
0.037599
0.043091
0.038243
0.038085
0.049421
0.04178
0.041843
0.042584
0.043192
0.041554
0.043541
0.04612
0.04924
0.050364
0.054812
0.057181
0.0562
0.055774
0.057196
0.060002
0.065206
0.065516
0.066965
0.06678
0.071805
0.06753
0.071423
0.071542
0.072163
0.074842
0.076824
0.078676
0.074648
0.081568
0.083167
0.082562
0.085417
0.085962
0.085453
0.086785
0.088324
0.089314
0.090958
0.094071
0.094601
0.093625
0.095433
0.097591
0.099267
0.101645
0.10489
0.105207
0.107107
0.108215
0.109757
0.111624
0.114551
0.116903
0.12069
0.124883
0.128717
0.132732
0.137796
0.14041
0.145549
0.149708
0.153385
0.155071
0.158254
0.160383
0.162726
0.164678
0.167431
0.1693
0.171585
0.174524
0.174614
0.177558
0.182376
0.182474
0.185828
0.188682
0.191233
0.194723
0.196907
0.20171
0.203285
0.206768
0.213216
0.21438
0.222183
0.225842
0.229158
0.237026
0.237986
0.245886
0.247575
0.252016
0.254475
0.259203
0.26281
0.268476
0.271376
0.276007
0.279729
0.28326
0.285111
0.289451
0.290934
0.294956
0.297194
0.299832
0.301046
0.303206
0.301737
0.304022
0.303764
0.306098
0.307293
0.305079
0.307868
0.305903
0.305765
0.303773
0.305278
0.305193
0.303342
0.301149
0.30213
0.303335
0.301238
0.301802
0.299828
0.299702
0.298289
0.295777
0.295561
0.295854
0.296879
0.295297
0.296279
0.294118
0.295516
0.293892
0.294828
0.2925
0.292099
0.293558
0.293387
0.291523
0.293399
0.292423
0.29492
0.295527
0.29484
0.296711
0.301903
0.299307
0.301521
0.302458
0.30365
0.305576
0.308866
0.310454
0.312059
0.318181
0.316364
0.3277
0.330992
0.33607
0.338753
0.345221
0.349481
0.35738
0.359468
0.361306
0.366725
0.369851
0.371551
0.375645
0.375378
0.382023
0.384588
0.39121
0.391382
0.39656
0.394826
0.399593
0.403419
0.404716
0.405507
0.410373
0.41065
0.416363
0.415538
0.419864
0.417148
0.420844
0.420185
0.422966
0.427169
0.427292
0.428558
0.427644
0.429189
0.429482
0.429454
0.431888
0.431281
0.430452
0.430852
0.428933
0.428433
0.427846
0.422854
0.421269
0.422529
0.416305
0.415334
0.401715
0.395503
0.388849
0.382419
0.378502
0.375633
0.370978
0.372512
0.366835
0.370198
0.369563
0.366472
0.371141
0.372727
0.373464
0.37319
0.376267
0.37867
0.380498
0.383737
0.385471
0.391075
0.395067
0.396063
0.399684
0.403841
0.406675
0.411005
0.414361
0.416852
0.420869
0.424037
0.427345
0.434465
0.438849
0.440169
0.445275
0.447411
0.452195
0.455683
0.459369
0.464479
0.466961
0.471206
0.473447
0.477258
0.481783
0.483185
0.486332
0.486972
0.488451
0.493014
0.493189
0.49792
0.498221
0.50243
0.503188
0.505651
0.507257
0.510698
0.511911
0.512512
0.514913
0.516736
0.517922
0.518417
0.518669
0.520774
0.523172
0.521689
0.522717
0.523008
0.52283
0.52606
0.525057
0.526415
0.524198
0.52661
0.526452
0.525871
0.525844
0.524303
0.521054
0.521467
0.519832
0.518485
0.515747
0.518811
0.51653
0.51462
0.514709
0.511438
0.506947
0.503788
0.491082
0.481138
0.464662
0.439942
0.420881
0.40171
0.391151
0.391731
0.389592
0.39355
0.3857
0.391553
0.405312
0.425031
0.434953
0.440418
0.440377
0.44572
0.452024
0.456162
0.463603
0.467538
0.471043
0.475724
0.481027