
0.060874
0.061361
0.06009
0.06011
0.059501
0.060435
0.061493
0.058987
0.062718
0.065628
0.065489
0.062514
0.061416
0.067768
0.068209
0.068916
0.070553
0.073704
0.076291
0.079359
0.085933
0.092176
0.096414
0.10602
0.114672
0.122733
0.13087
0.136489
0.141605
0.14639
0.151848
0.156302
0.161588
0.166158
0.166686
0.169672
0.172124
0.175651
0.177675
0.181234
0.183211
0.186303
0.188269
0.186473
0.183432
0.192634
0.184347
0.185484
0.208503
0.211869
0.21406
0.217337
0.218524
0.218766
0.221585
0.223286
0.222984
0.224084
0.224628
0.223728
0.222167
0.22413
0.22561
0.224466
0.226819
0.229176
0.230291
0.231284
0.235881
0.237976
0.23885
0.241395
0.24203
0.245991
0.249701
0.252325
0.257652
0.261778
0.265705
0.265479
0.268303
0.27121
0.274048
0.277556
0.280162
0.285534
0.293344
0.300758
0.306487
0.312448
0.321165
0.32558
0.331039
0.334751
0.337767
0.342699
0.348413
0.349894
0.354729
0.360086
0.363779
0.366087
0.372428
0.376874
0.379979
0.386619
0.387235
0.393022
0.397031
0.399049
0.403754
0.405848
0.408924
0.410377
0.412607
0.41426
0.414291
0.417285
0.416959
0.415997
0.416291
0.415051
0.414691
0.415148
0.415765
0.413195
0.412942
0.410114
0.40986
0.410371
0.407712
0.404211
0.4046
0.403882
0.401586
0.400127
0.397605
0.396342
0.394484
0.391284
0.390697
0.38927
0.387927
0.386324
0.384231
0.38313
0.379527
0.374896
0.374291
0.371319
0.368551
0.367031
0.366181
0.36128
0.361385
0.359767
0.35756
0.35426
0.353396
0.353376
0.352873
0.353689
0.352385
0.350899
0.350529
0.349866
0.351349
0.350847
0.351064
0.350294
0.349959
0.351548
0.351047
0.35242
0.35088
0.351832
0.352784
0.355539
0.356599
0.356498
0.352518
0.349326
0.347479
0.3436
0.344869
0.343249
0.344499
0.342754
0.342691
0.341005
0.339366
0.338059
0.337446
0.338638
0.337132
0.336592
0.333454
0.333681
0.333231
0.330133
0.329378
0.328238
0.32645
0.324744
0.322009
0.320599
0.321692
0.316624
0.3146
0.310982
0.307575
0.303822
0.301258
0.296499
0.293958
0.28908
0.284817
0.282295
0.276499
0.273293
0.267306
0.261225
0.259128
0.252289
0.249264
0.243785
0.238555
0.233046
0.230079
0.224061
0.21987
0.215417
0.209467
0.210128
0.20518
0.197433
0.190346
0.183431
0.1782
0.171724
0.162894
0.154552
0.14935
0.141365
0.134464
0.130207
0.124454
0.11977
0.115808
0.112199
0.108502
0.104151
0.102118
0.098314
0.097361
0.095461
0.094055
0.092117
0.091852
0.091643
0.090932
0.089895
0.088686
0.089608
0.089689
0.0901
0.091605
0.092565
0.093114
0.095092
0.096365
0.096142
0.099675
0.100311
0.102352
0.103347
0.106486
0.106648
0.109509
0.110301
0.112411
0.114021
0.11604
0.116768
0.11757
0.119728
0.121108
0.121777
0.123003
0.123944
0.124466
0.125728
0.127561
0.127593
0.128196
0.129589
0.13134
0.132582
0.1337
0.133579
0.135728
0.13642
0.138538
0.139814
0.141757
0.142895
0.146093
0.146777
0.149161
0.151546
0.154629
0.155969
0.159267
0.160496
0.163358
0.166086
0.169259
0.173277
0.176238
0.179374
0.182337
0.187327
0.191114
0.196179
0.198893
0.203683
0.206857
0.211187
0.216784
0.221643
0.225811
0.232398
0.237695
0.242871
0.249795
0.256485
0.261913
0.266877
0.273588
0.280789
0.287289
0.293207
0.298849
0.306128
0.313924
0.32026
0.32779
0.332962
0.342485
0.351599
0.35725
0.363394
0.370294
0.379387
0.386494
0.394954
0.402346
0.412425
0.419582
0.428356
0.437854
0.445865
0.455037
0.464643
0.473824
0.48451
0.495388
0.502456
0.510165
0.517835
0.526591
0.534007
0.541661
0.548927
0.555506
0.563905
0.566677
0.573182
0.578003
0.583544
0.591598
0.594091
0.598159
0.602141
0.607086
0.608741
0.613102
0.615474
0.617762
0.61901
0.618903
0.620857
0.625306
0.625105
0.625859
0.626053
0.629718
0.627842
0.629111
0.626765
0.631439
0.631621
0.628713
0.629925
0.628846
0.62909
0.630407
0.630256
0.630811
0.628913
0.633344
0.631741
0.635892
0.63225
0.634428
0.634746
0.639911
0.635163
0.637414
0.639533
0.637334
0.641412
0.641835
0.641331
0.643591
0.64396
0.647023
0.645478
0.645047
0.641618
0.644614
0.640391
0.644721
0.639732
0.639421
0.64358
0.642163
0.640569
0.641294
0.641792
0.644852
0.641135
0.640901
0.644261
0.642069
0.645345
0.648606
0.64973
0.649357
0.654718
0.653912
0.650603
0.650524
0.650328
0.653592
0.655329
0.653811
0.656383
0.657174
0.65588
0.652439
0.652739
0.652258
0.640417