
0.029044
0.021625
0.022179
0.024959
0.021453
0.015466
0.020372
0.025506
0.028857
0.028621
0.029678
0.031961
0.032176
0.03728
0.038802
0.041843
0.046755
0.04896
0.055755
0.060175
0.068617
0.072844
0.078997
0.08545
0.094164
0.100961
0.10679
0.112564
0.116963
0.1202
0.124369
0.127581
0.131542
0.134281
0.136691
0.138667
0.141057
0.144303
0.146316
0.149375
0.152098
0.153994
0.156107
0.158963
0.160498
0.163043
0.165285
0.167392
0.170105
0.17108
0.175183
0.17686
0.180805
0.182518
0.185298
0.186795
0.189343
0.190564
0.192071
0.193251
0.194275
0.19581
0.198456
0.200314
0.20088
0.202124
0.203081
0.205129
0.20612
0.207542
0.207815
0.209389
0.210361
0.211508
0.212609
0.213372
0.214324
0.215269
0.21641
0.21771
0.219043
0.220603
0.221174
0.221825
0.223057
0.225043
0.226403
0.226244
0.228141
0.22881
0.230189
0.230922
0.233384
0.233867
0.235503
0.236779
0.238609
0.239161
0.240247
0.241208
0.242082
0.243255
0.24412
0.245532
0.245912
0.246602
0.247597
0.24794
0.248941
0.249315
0.250171
0.251143
0.251872
0.252707
0.254134
0.254659
0.256463
0.257129
0.257828
0.258072
0.260116
0.261248
0.261539
0.261537
0.263082
0.263061
0.264655
0.264663
0.265594
0.266379
0.266349
0.267142
0.268419
0.268033
0.268029
0.26903
0.268394
0.269409
0.270584
0.269901
0.270153
0.270123
0.271547
0.271471
0.270798
0.271579
0.271764
0.272694
0.271823
0.272759
0.273069
0.272963
0.274026
0.274464
0.274896
0.274494
0.276023
0.275493
0.275639
0.275717
0.276453
0.276177
0.276998
0.276947
0.277809
0.278029
0.278822
0.27861
0.279012
0.27958
0.280108
0.280875
0.280543
0.280933
0.282405
0.282029
0.282359
0.282659
0.283793
0.284923
0.284424
0.285032
0.285834
0.286567
0.286806
0.287651
0.287245
0.288719
0.288956
0.289315
0.288819
0.289594
0.289843
0.289668
0.290388
0.29003
0.29025
0.291274
0.291845
0.291708
0.29234
0.292671
0.292674
0.293232
0.2939
0.293661
0.293236
0.294188
0.295537
0.294886
0.294392
0.295444
0.296203
0.297155
0.296177
0.29775
0.298266
0.299241
0.300407
0.300438
0.301712
0.302515
0.303688
0.304695
0.306649
0.306758
0.308665
0.310409
0.311901
0.31298
0.313297
0.315001
0.313516
0.31407
0.31413
0.306182
0.298453
0.287971
0.280124
0.266997
0.257988
0.248602
0.242032
0.230684
0.225986
0.22335
0.218289
0.217761
0.211644
0.208809
0.2076
0.207899
0.205677
0.206223
0.206209
0.208862
0.210667
0.21231
0.215379
0.216084
0.217447
0.222206
0.227162
0.229278
0.235352
0.237106
0.242237
0.246125
0.250464
0.25374
0.258984
0.263479
0.27054
0.274212
0.277385
0.28421
0.289383
0.293044
0.297447
0.303954
0.303872
0.308991
0.313347
0.317494
0.32115
0.326179
0.328403
0.332193
0.335675
0.337113
0.341764
0.344186
0.346667
0.350394
0.353511
0.356577
0.358604
0.360546
0.361585
0.365439
0.367977
0.370165
0.371997
0.375408
0.377205
0.378749
0.382482
0.38471
0.387376
0.388785
0.391561
0.39451
0.396156
0.399586
0.401937
0.402405
0.406909
0.408262
0.409899
0.412678
0.413594
0.416274
0.418623
0.417489
0.422558
0.425433
0.427588
0.428824
0.4314
0.434268
0.435694
0.438088
0.438672
0.440116
0.441786
0.444318
0.444743
0.447255
0.449956
0.452033
0.452985
0.454354
0.457376
0.45823
0.464331
0.461919
0.462667
0.467209
0.470047
0.467657
0.47059
0.472647
0.47426
0.472596
0.477533
0.479284
0.480796
0.481804
0.483022
0.484429
0.48544
0.485724
0.486968
0.489044
0.487742
0.490025
0.491139
0.490537
0.492402
0.492387
0.493749
0.495855
0.494439
0.492515
0.492687
0.493652
0.496331
0.493677
0.493438
0.495145
0.493276
0.493222
0.492566
0.493008
0.487851
0.489345
0.488196
0.487484
0.485216
0.483731
0.480773
0.478474
0.481169
0.476948
0.473957
0.469859
0.467786
0.466916
0.461338
0.456797
0.454095
0.45074
0.444594
0.440824
0.437507
0.43222
0.429078
0.428986
0.422407
0.419278
0.420035
0.410191
0.411118
0.405397
0.405555
0.402066
0.398803
0.395232
0.393846
0.389282
0.384347
0.387716
0.382644
0.380437
0.376717
0.3768
0.370124
0.371011
0.368809
0.367427
0.363276
0.363239
0.357055
0.359468
0.350364
0.355137
0.349972
0.350049
0.352257
0.351804
0.350158
0.349642
0.352419
0.347583
0.349265
0.35252
0.354491
0.360814
0.360109
0.358712
0.359729
0.365216
0.366882
0.36822
0.372188
0.376466
0.386363
0.400304
0.412025
0.426356
0.438635
0.451842
0.465672
0.452626
0.391934
0.30746
0.278385
0.268347
0.268293
0.286202
0.277996
0.282204
0.298839