0.6404
0.6523
0.6527
0.6524
0.6559
0.6572
0.6564
0.6538
0.6553
0.6536
0.6503
0.6505
0.6506
0.6539
0.6547
0.6494
0.6497
0.6486
0.6453
0.6421
0.6443
0.6409
0.6411
0.6449
0.6418
0.6413
0.6406
0.6422
0.6436
0.6394
0.6397
0.6447
0.6404
0.6446
0.6416
0.6450
0.6455
0.6470
0.6440
0.6436
0.6413
0.6418
0.6414
0.6373
0.6395
0.6374
0.6352
0.6399
0.6347
0.6344
0.6322
0.6359
0.6317
0.6333
0.6289
0.6308
0.6303
0.6304
0.6291
0.6288
0.6299
0.6287
0.6316
0.6314
0.6268
0.6291
0.6278
0.6297
0.6261
0.6259
0.6251
0.6253
0.6209
0.6189
0.6190
0.6178
0.6155
0.6131
0.6087
0.6071
0.6021
0.5982
0.5941
0.5916
0.5835
0.5780
0.5732
0.5667
0.5639
0.5555
0.5489
0.5417
0.5340
0.5266
0.5178
0.5102
0.5025
0.4954
0.4845
0.4738
0.4646
0.4550
0.4459
0.4379
0.4284
0.4196
0.4124
0.4023
0.3950
0.3865
0.3794
0.3703
0.3634
0.3573
0.3516
0.3425
0.3330
0.3278
0.3203
0.3139
0.3061
0.2988
0.2932
0.2873
0.2808
0.2736
0.2669
0.2619
0.2565
0.2498
0.2429
0.2377
0.2324
0.2258
0.2216
0.2168
0.2112
0.2069
0.2037
0.1989
0.1962
0.1911
0.1873
0.1823
0.1794
0.1762
0.1733
0.1693
0.1661
0.1634
0.1605
0.1593
0.1560
0.1546
0.1515
0.1492
0.1468
0.1461
0.1429
0.1418
0.1398
0.1385
0.1364
0.1357
0.1336
0.1337
0.1326
0.1313
0.1296
0.1282
0.1276
0.1276
0.1257
0.1245
0.1239
0.1230
0.1218
0.1211
0.1197
0.1176
0.1168
0.1160
0.1140
0.1124
0.1103
0.1095
0.1066
0.1065
0.1033
0.1024
0.1003
0.0997
0.0961
0.0964
0.0951
0.0931
0.0926
0.0916
0.0901
0.0897
0.0896
0.0887
0.0899
0.0909
0.0916
0.0919
0.0921
0.0941
0.0955
0.0974
0.0983
0.1021
0.1042
0.1085
0.1122
0.1158
0.1198
0.1245
0.1302
0.1345
0.1414
0.1493
0.1546
0.1629
0.1717
0.1782
0.1834
0.1903
0.1974
0.2052
0.2101
0.2095
0.2154
0.2199
0.2241
0.2301
0.2330
0.2386
0.2438
0.2493
0.2523
0.2591
0.2612
0.2673
0.2733
0.2765
0.2823
0.2848
0.2891
0.2940
0.2965
0.3013
0.3038
0.3076
0.3110
0.3146
0.3166
0.3217
0.3206
0.3220
0.3247
0.3265
0.3282
0.3294
0.3301
0.3332
0.3337
0.3335
0.3366
0.3371
0.3386
0.3374
0.3381
0.3394
0.3410
0.3427
0.3428
0.3445
0.3432
0.3449
0.3436
0.3475
0.3493
0.3525
0.3565
0.3566
0.3555
0.3528
0.3518
0.3509
0.3524
0.3510
0.3515
0.3500
0.3503
0.3511
0.3508
0.3513
0.3499
0.3505
0.3509
0.3524
0.3537
0.3529
0.3534
0.3534
0.3543
0.3576
0.3598
0.3614
0.3613
0.3662
0.3670
0.3686
0.3713
0.3743
0.3749
0.3795
0.3831
0.3842
0.3863
0.3879
0.3893
0.3907
0.3913
0.3945
0.3963
0.3976
0.4001
0.4016
0.4039
0.4046
0.4042
0.4077
0.4104
0.4099
0.4101
0.4129
0.4132
0.4158
0.4151
0.4147
0.4151
0.4163
0.4160
0.4170
0.4173
0.4143
0.4143
0.4126
0.4104
0.4089
0.4058
0.4038
0.3990
0.3970
0.3930
0.3872
0.3866
0.3800
0.3769
0.3724
0.3661
0.3638
0.3601
0.3547
0.3499
0.3484
0.3427
0.3378
0.3348
0.3310
0.3256
0.3212
0.3124
0.3065
0.3008
0.2933
0.2855
0.2802
0.2776
0.2740
0.2712
0.2683
0.2655
0.2657
0.2618
0.2577
0.2523
0.2497
0.2460
0.2420
0.2414
0.2388
0.2380
0.2359
0.2313
0.2303
0.2292
0.2268
0.2245
0.2256
0.2241
0.2222
0.2237
0.2246
0.2241
0.2230
0.2233
0.2216
0.2188
0.2185
0.2173
0.2141
0.2119
0.2085
0.1855
0.1843
0.1926
0.1834
0.1865
0.1883
0.1863
0.1832
0.1812
0.1777
0.1757
0.1721
0.1697
0.1667
0.1662
0.1616
0.1563
0.1518
0.1464
0.1416
0.1365
0.1309
0.1227
0.1147
0.1060
0.0964
0.0922
0.0859
0.0794
0.0763
0.0737
0.0706
0.0689
0.0682
0.0678
0.0614
0.0625
0.0655
0.0656
0.0627
0.0590
0.0615
0.0604
0.0595
0.0601
0.0601
0.0614
0.0609