0.11513785
0.11759593
0.11554768
0.11702742
0.11186907
0.12225945
0.11336621
0.10106918
0.18457463
0.35798907
0.41658115
0.42480704
0.41508806
0.40328756
0.39857456
0.38969296
0.37811071
0.37393907
0.36687887
0.35747051
0.35069498
0.35346869
0.35787919
0.35077795
0.34505209
0.34241471
0.33058068
0.31420398
0.3161687
0.32277262
0.32945791
0.33166939
0.3350988
0.32961848
0.32782802
0.32427952
0.32584918
0.32588878
0.32084754
0.31834465
0.31628755
0.31682131
0.31421909
0.31519908
0.30635315
0.3070356
0.30532363
0.30117306
0.29746494
0.29496607
0.29337963
0.28625232
0.28569216
0.28304496
0.27939197
0.27652624
0.27287203
0.27009845
0.26590225
0.26437065
0.26097625
0.25428095
0.2549805
0.25030234
0.24637532
0.24013668
0.23871054
0.23530452
0.2361916
0.23383443
0.23128882
0.22884655
0.22553097
0.22369616
0.22462949
0.21835946
0.21428563
0.21130092
0.20959544
0.20964533
0.20852658
0.20336863
0.20275265
0.20092708
0.19933614
0.19552064
0.19410865
0.19309413
0.18905281
0.18672696
0.18813279
0.18299425
0.17914222
0.17705038
0.17706145
0.17549092
0.17177457
0.16859937
0.16751219
0.17087854
0.16704398
0.1629921
0.16083065
0.16329111
0.15927531
0.157443
0.15560094
0.15439604
0.15384336
0.15122829
0.15007298
0.14835106
0.14801227
0.14666267
0.14384979
0.14209849
0.14557782
0.13776252
0.14107801
0.13765901
0.13740687
0.13471265
0.13561565
0.13572757
0.13316499
0.1325058
0.12940244
0.1293388
0.12662497
0.12603611
0.12502304
0.12286603
0.12370454
0.12281477
0.12316794
0.12155499
0.1186813
0.11869895
0.11948396
0.1129396
0.1174251
0.11417789
0.11249848
0.11186934
0.11037573
0.11196455
0.11085756
0.10877506
0.10806918
0.10692909
0.10520915
0.10650742
0.10625932
0.10296277
0.10555094
0.10292763
0.10088997
0.10083912
0.10110952
0.099989727
0.097792633
0.097758338
0.096745566
0.095412314
0.093844883
0.095682248
0.092608795
0.094285116
0.090533212
0.091995895
0.090820275
0.087330766
0.089860342
0.08829426
0.090279527
0.08724153
0.08817555
0.087346278
0.086212948
0.087286994
0.085635148
0.086259469
0.083741106
0.083633848
0.084238648
0.085360155
0.083966024
0.084229454
0.084675565
0.08387658
0.083240002
0.082757309
0.082333922
0.0847122
0.085588597
0.082807533
0.0848101
0.086093009
0.086464003
0.08523903
0.086934716
0.084010497
0.085949413
0.08399342
0.084534846
0.084871575
0.084023647
0.083227031
0.086739555
0.085708626
0.081771329
0.085102834
0.086519256
0.083247893
0.086049363
0.08307898
0.085737653
0.088140339
0.085622579
0.082193449
0.086591862
0.085203223
0.085489988
0.083847217
0.083027482
0.084527873
0.083804354
0.087853841
0.085797369
0.08464957
0.08863049
0.087354511
0.088519938
0.088846967
0.088719763
0.090839788
0.094034232
0.08932218
0.092652574
0.088752508
0.087976307
0.089026868
0.089418203
0.087183982
0.086911127
0.088002793
0.087468073
0.086862512
0.086677499
0.086705789
0.08861202
0.0872944
0.085964605
0.088415012
0.088298924
0.087994359
0.089085832
0.089915961
0.088879138
0.08860334
0.089984968
0.090118669
0.090481095
0.090852313
0.090932019
0.088047579
0.092316039
0.091690317
0.092728704
0.091998011
0.093791388
0.092688479
0.094825752
0.092893593
0.093878917
0.094193578
0.094970822
0.095041238
0.094271883
0.095491171
0.095785312
0.096005388
0.096273988
0.09822204
0.097618252
0.097676232
0.097267658
0.098424233
0.099012122
0.1014883
0.099709496
0.10044866
0.10146983
0.10262191
0.10316944
0.10084552
0.10487641
0.10617284
0.10542653
0.10633135
0.10815132
0.10706225
0.10663831
0.10788811
0.1092644
0.11063132
0.10969736
0.1104113
0.11051606
0.11144096
0.11111009
0.11324757
0.11368874
0.11671926
0.11463954
0.11516896
0.11436255
0.11642441
0.11708212
0.1183669
0.1163247
0.117735
0.11803734
0.11830994
0.12013532
0.11889285
0.12280942
0.11815642
0.1198081
0.12018842
0.12303036
0.12444332
0.12272127
0.12494572
0.12337884
0.12380359
0.12512189
0.12749436
0.1244048
0.1272566
0.12786202
0.12563077
0.13036518
0.12700811
0.12991115
0.13042438
0.13172251
0.13230558
0.13236144
0.13436955
0.13324247
0.13542111
0.13617006
0.13619137
0.13607179
0.13676283
0.13690524
0.13307014
0.13620228
0.13559206
0.13668579
0.13709645
0.13870226
0.1390388
0.13896945
0.13840584
0.13951458
0.13909777
0.13710387
0.13705614
0.13739662
0.13783847
0.13604547
0.13732643
0.13515157
0.13705137
0.1342659
0.13731831
0.13380586
0.13593583
0.13235089
0.13597764
0.13408026
0.13249463
0.13246159
0.13242622
0.13073538
0.12777705
0.12670252
0.12785806
0.12553538
0.12490639
0.12421624
0.12525836
0.12290376
0.12156985
0.12285318
0.11987427
0.1203418
0.11649521
0.11769303
0.11863821
0.1176158
0.11724251
0.11704425
0.11717291
0.11391737
0.11531872
0.11212572
0.10976525
0.11085623
0.11034183
0.11064944
0.10909025
0.11057248
0.1073676
0.10883404
0.10433891
0.10729464
0.10484743
0.10487781
0.10456603
0.10170361
0.10149613
0.098080665
0.098963127
0.098465554
0.097153887
0.09702424
0.098754898
0.096419029
0.097049639
0.094570972
0.093405709
0.094804086
0.095365167
0.093810208
0.093067199
0.091388896
0.092939809
0.091637276
0.090419225
0.090259664
0.089465283
0.086448848
0.088159926
0.086385787
0.083476469
0.084419295
0.080804557
0.081655398
0.079147846
0.080760501
0.075916179
0.074144565
0.070555881
0.068234123
0.065573126
0.063519403
0.059238669
0.056298852
0.053915147
0.050978027
0.048352152
0.046988521
0.045319002
0.042214312
0.043614101
0.04253133
0.039290238
0.041755896
0.041147612
0.042329259
0.043054476
0.041366484
0.041263871
0.042575482
0.040290207
0
0
