0.071650617
0.075707398
0.092447922
0.1059751
0.10749623
0.12052505
0.12219108
0.15525581
0.25732961
0.40716422
0.51882058
0.55659717
0.57476556
0.58185011
0.54787821
0.52237779
0.54427618
0.58409727
0.62240547
0.64453059
0.66043472
0.67835099
0.6931982
0.70682555
0.71475512
0.7087177
0.69016802
0.64912909
0.64442593
0.6636827
0.66625148
0.68131679
0.69472528
0.70858151
0.72195655
0.74106914
0.75046134
0.76182342
0.7625646
0.77539396
0.77356201
0.78221023
0.78061217
0.77505124
0.7672568
0.7693218
0.75640744
0.75261348
0.74483156
0.73618442
0.73274124
0.72941327
0.72171599
0.71745664
0.72043902
0.71336597
0.7098375
0.71171695
0.70484352
0.70503205
0.70139694
0.69963092
0.70258814
0.70715094
0.70538455
0.70338744
0.68948865
0.68113685
0.68798745
0.73198533
0.78511733
0.82372254
0.84457922
0.85228598
0.85353172
0.86026061
0.85952574
0.86639047
0.86922467
0.87214369
0.87772924
0.87491596
0.87155437
0.8775835
0.8794198
0.88102633
0.87931132
0.87657511
0.87491012
0.88007611
0.88519096
0.88118285
0.88475025
0.88224751
0.88314003
0.8833732
0.88447666
0.8845464
0.88564593
0.88572288
0.8849771
0.88685399
0.88617414
0.88542801
0.88633531
0.88736755
0.88730377
0.88652188
0.88227063
0.88380533
0.88234049
0.88069355
0.87967563
0.88035101
0.87694353
0.877042
0.87712449
0.87548798
0.87455732
0.87524623
0.87717217
0.87637401
0.8760981
0.87756294
0.87792808
0.87599891
0.87688297
0.87599605
0.87438792
0.87264717
0.87506551
0.87338388
0.87605405
0.87686175
0.87502939
0.87241375
0.87308693
0.87049937
0.87209582
0.87204438
0.87551105
0.88761264
0.89457256
0.89363712
0.88050044
0.90403146
0.93261695
0.93960106
0.94828743
0.95001817
0.95265168
0.95447093
0.9528262
0.95720333
0.95901519
0.95999086
0.96008134
0.96281457
0.96292377
0.96476907
0.96577054
0.96762717
0.96603668
0.96874028
0.96885669
0.96640211
0.96910262
0.96835715
0.96673572
0.97028714
0.96951139
0.97040772
0.96958011
0.96876425
0.96792424
0.96959525
0.97046667
0.96957707
0.97040367
0.96871197
0.96958506
0.97045863
0.96877271
0.97057694
0.97242105
0.9708246
0.96746129
0.97014642
0.97112918
0.96782053
0.97049719
0.9697324
0.97240466
0.97330689
0.9759081
0.97597402
0.97854698
0.97855067
0.98025829
0.97851765
0.97763288
0.98105139
0.98105359
0.97930664
0.97845095
0.98103648
0.9836145
0.97760415
0.97932655
0.97847772
0.98106414
0.98108071
0.98107737
0.98194307
0.98195869
0.98198324
0.98110622
0.98625153
0.98023146
0.98281831
0.98026389
0.98197496
0.97941065
0.98027527
0.98027474
0.98112631
0.98113662
0.981134
0.98370504
0.97942692
0.98202825
0.98374557
0.98544639
0.98289162
0.9854759
0.98630989
0.98462075
0.98292398
0.98379093
0.98038465
0
0
0
0.96486497
0.96254039
0.96339434
0.9626658
0.96030945
0.96036315
0.95801902
0.95807868
0.95654231
0.95657414
0.95742834
0.95822269
0.95745754
0.95513749
0.95598948
0.95602298
0.95134288
0.95295697
0.95460528
0.95148325
0.95384365
0.95072836
0.95387691
0.95236808
0.95318538
0.95321554
0.9517194
0.95171881
0.95253426
0.95331758
0.95410067
0.95181924
0.9526335
0.95188731
0.95040101
0.95270622
0.95202225
0.95280182
0.9504984
0.94894642
0.95212919
0.95367044
0.95525318
0.95374238
0.95221937
0.9514516
0.95306021
0.95077813
0.95228773
0.95228869
0.94775844
0.94852674
0.95007271
0.94625646
0.94859958
0.94933093
0.94860899
0.94402593
0.94859844
0.94863135
0.94867659
0.947101
0.94632834
0.94787091
0.9470973
0.94710457
0.94633764
0.94406593
0.94561309
0.94560951
0.94411248
0.94484156
0.94257998
0.94411516
0.94257623
0.94404024
0.9432711
0.94173366
0.9448086
0.94327015
0.93942636
0.94169271
0.94092602
0.94169325
0.94165552
0.94165635
0.94238591
0.94002855
0.94153112
0.94226152
0.94376308
0.94372326
0.9413659
0.94364583
0.94441897
0.94592667
0.9435972
0.9466188
0.94195503
0.94354308
0.94194716
0.94116461
0.9396534
0.93736851
0.93736166
0.9335804
0.93517017
0.93439198
0.93361521
0.93062484
0.92985332
0.92907977
0.9275341
0.92748988
0.92672139
0.92440301
0.92364794
0.92199165
0.9227764
0.92194885
0.92262185
0.92114377
0.92032057
0.91954762
0.9157393
0.91343379
0.90968078
0.90963548
0.90737778
0.9073897
0.90746433
0.90746713
0.90443844
0.90451455
0.90296042
0.90063536
0.89845574
0.89836544
0.89611214
0.89608538
0.89307022
0.88995123
0.88932139
0.88773477
0.88701552
0.88543099
0.88008499
0.88013411
0.87930715
0.87626892
0.87544042
0.87309748
0.87101734
0.87018907
0.87014037
0.8678863
0.86629939
0.86492705
0.8634553
0.86120522
0.85963792
0.85907316
0.85597044
0.85246933
0.85179859
0.84884596
0.84721333
0.84363371
0.84072399
0.83785081
0.8327089
0.82973498
0.82473171
0.82113248
0.81691468
0.81180698
0.80847681
0.80487567
0.80216789
0.79855096
0.79699177
0.79258347
0.78808624
0.7872712
0.7858305
0.78306007
0.78073931
0.77704048
0.77479672
0.77331465
0.77032673
0.76765776
0.76464611
0.7610997
0.75603193
0.7541796
0.75256032
0.74840027
0.74394828
0.7355057
0.73135138
0.72600937
0.72095686
0.71394634
0.70671511
0.70039839
0.69123018
0.68637246
0.67261422
0.66776073
0.65591162
0.6489498
0.63751072
0.62758034
0.61425185
0.60331643
0.59017688
0.57685417
0.56304336
0.54858804
0.53862906
0.52043194
0.51106083
0.50083756
0.48956737
0.47671402
0.46428636
0.4586401
0.44668981
0.4421393
0.42433384
0
0
0
0
0
0
