0.1674999
0.15055276
0.1366916
0.13309589
0.1066179
0.10722919
0.073717959
0.018265812
0.018449297
0.090083778
0.21374945
0.27803114
0.30372638
0.3296634
0.34570944
0.36981204
0.39235553
0.41988337
0.45567405
0.45794836
0.43840086
0.4475058
0.46702877
0.47236323
0.48763731
0.49939623
0.49464387
0.49323449
0.5231598
0.52970541
0.53946447
0.56304181
0.58004481
0.5920518
0.59462786
0.59774023
0.57765549
0.4692947
0.40163091
0.46168634
0.48150554
0.48771292
0.4799273
0.50576431
0.57431656
0.63941038
0.67020953
0.67617607
0.70090669
0.7101019
0.71906084
0.73783159
0.74496859
0.75789171
0.76322639
0.76637381
0.7735737
0.77587461
0.77846748
0.77433544
0.77652419
0.77270192
0.77008551
0.76215351
0.75823289
0.75224894
0.74770904
0.73785943
0.74668819
0.77385515
0.80204058
0.82429618
0.84274191
0.84526324
0.83342654
0.83735156
0.83283609
0.83719349
0.84024668
0.8429001
0.84660673
0.86111575
0.86461329
0.87367111
0.87554741
0.8757233
0.87962544
0.88183016
0.88286418
0.8869701
0.88394696
0.88856488
0.89446771
0.89500701
0.8941772
0.89496899
0.89694548
0.89588809
0.8972491
0.89954096
0.89790279
0.8989265
0.89931262
0.8994965
0.8989414
0.89659661
0.89536071
0.89779359
0.89512569
0.89571851
0.89600229
0.89282668
0.89505494
0.89387751
0.89542043
0.89084083
0.89141738
0.88886851
0.8899821
0.88739932
0.88886327
0.88644087
0.88157731
0.88266486
0.87843645
0.87684697
0.87787867
0.8706516
0.86731464
0.86641854
0.8621372
0.85950452
0.85513991
0.85462773
0.84306395
0.83228892
0.80544883
0.7721625
0.66672266
0.5699082
0.65643841
0.64493459
0.62853956
0.62240231
0.654917
0.69985205
0.72972149
0.76661599
0.7790904
0.78047717
0.78085291
0.78890622
0.81570077
0.82981271
0.82941908
0.83113742
0.83228302
0.83634651
0.84278971
0.84627497
0.84600836
0.85459852
0.86111289
0.86881858
0.87380767
0.88636321
0.8915177
0.89451367
0.89671731
0.89693421
0.89261544
0.89333129
0.89065647
0.88827878
0.88442856
0.89111292
0.89701796
0.90156436
0.90064293
0.90515012
0.90811354
0.90826458
0.90665716
0.91058517
0.91168708
0.91031653
0.90853578
0.91116273
0.91016877
0.90944952
0.91030598
0.91011405
0.91062313
0.91226858
0.91091734
0.91428953
0.91236794
0.9132365
0.91211033
0.91224045
0.91391915
0.9125793
0.91348726
0.9137944
0.91410786
0.9138478
0.91371137
0.91410708
0.9148435
0.91472107
0.91225034
0.91626883
0.91274446
0.91147923
0.9141115
0.91320777
0.9150821
0.91557509
0.90996796
0.91238105
0.9117614
0.91249013
0.91220975
0.91239709
0.91144186
0.90436274
0.89138454
0.88667232
0.89706165
0.89530718
0.90428293
0.90792823
0.90857852
0.90980309
0.91060871
0.91016507
0.90980101
0.91479933
0.90586644
0.90893
0.90740037
0.90675211
0.90509087
0.905599
0.90536189
0.9007926
0.90351331
0.90547919
0.89829803
0.9015972
0.90017533
0.89945012
0.89803654
0.90177286
0.8956871
0.89459974
0.89152318
0.89251691
0.8936919
0.8933835
0.89512944
0.89060974
0.89089888
0.88882536
0.88950717
0.89242828
0.88901103
0.88676548
0.88841373
0.88714921
0.88578635
0.88539773
0.88559204
0.88500941
0.88442755
0.88307279
0.88249552
0.87884212
0.88307375
0.88153356
0.88048083
0.88143957
0.87770659
0.8810606
0.87982178
0.87533933
0.87666625
0.87659162
0.87602383
0.87336516
0.87204897
0.87500924
0.87132192
0.87065494
0.86849606
0.86868203
0.86690003
0.86641943
0.86416024
0.86775154
0.86312401
0.86238569
0.86050099
0.86123794
0.86050159
0.85813451
0.85765147
0.8586868
0.85691935
0.8585043
0.85558635
0.85473669
0.85406965
0.85340244
0.85188395
0.85243207
0.8504504
0.85064501
0.84852797
0.84844321
0.84780222
0.84976828
0.8477
0.84414339
0.84529281
0.84552759
0.842161
0.84212047
0.84173429
0.83983028
0.84054971
0.83988607
0.8414101
0.83882213
0.83701032
0.83734614
0.83404547
0.83520466
0.83169681
0.83357179
0.831505
0.82963991
0.8293162
0.8264764
0.82461268
0.82524306
0.82371914
0.82172793
0.81963176
0.81964099
0.81576258
0.81611907
0.8167969
0.81260693
0.81148106
0.81107819
0.80934924
0.80599791
0.80488431
0.80419141
0.80266923
0.80122042
0.79968369
0.79608077
0.79790181
0.79343325
0.7939589
0.79345298
0.78966308
0.78890312
0.78605711
0.78374022
0.78202784
0.77920192
0.77729142
0.77556086
0.77411348
0.77030802
0.76978183
0.76659042
0.76363605
0.76252484
0.76023096
0.75750089
0.75632626
0.75521529
0.7508589
0.74838293
0.74705464
0.74403131
0.74193442
0.74020827
0.73730803
0.73540425
0.73354989
0.7300576
0.72954094
0.72711247
0.72554916
0.72358268
0.7233572
0.71985644
0.71811563
0.71493071
0.71294081
0.71262282
0.70889515
0.70796007
0.70269608
0.70145327
0.69949365
0.6925022
0.68873525
0.68361509
0.67917454
0.67496204
0.6673913
0.66218036
0.6541847
0.64944333
0.64385295
0.6375497
0.63005054
0.62295491
0.62458336
0.61390042
0.60963994
0.60359621
0.59932214
0.59477186
0.58768779
0.58140016
0.57658225
0.56978148
0.56210113
0.55846953
0.5490579
0.53952223
0.53205371
0.52497607
0.51387906
0.49967265
0.48665112
0.46704474
0.44838166
0.43030912
0.40960687
0.38798168
0.36653084
0.34391841
0.32458276
0.3087911
0.29437217
0.27706358
0.26815382
0.26029152
0.25277635
0.24640687
0.2550756
0.2415538
0.23875377
0.23664472
0.23090464
0.22704375
0.22198986
0.22657692
0.20791195
0.20135398
0.19154693
0.18822744
0.17993738
0.17926991
0.17730263
0.18252195
0.18249652
0.19448814
0.20736787
0.20134053
0
0
