0.32529885
0.32580051
0.32619405
0.32665664
0.32719946
0.32813555
0.32852611
0.3289564
0.33024627
0.33165109
0.33300361
0.33454773
0.33619988
0.3374714
0.33806166
0.33881044
0.34031707
0.34181955
0.3432138
0.3445518
0.3457641
0.34690657
0.34810552
0.34901905
0.34999001
0.35104346
0.3524155
0.35384029
0.35522994
0.35646912
0.35690755
0.35729221
0.35803387
0.35884318
0.36021668
0.36143875
0.3620694
0.36266544
0.3629159
0.36322445
0.36443874
0.36569363
0.36664852
0.36752304
0.36885861
0.37015691
0.370938
0.37172613
0.37247911
0.37323666
0.37435603
0.37534434
0.3766267
0.37786412
0.37808087
0.37843695
0.37956151
0.38060406
0.38122964
0.38183147
0.38241556
0.3828603
0.38300943
0.38323274
0.38355246
0.38382763
0.38404635
0.38415986
0.38390267
0.38354403
0.38277119
0.38191071
0.38058186
0.37933052
0.37823278
0.37696609
0.37512723
0.3733218
0.3716988
0.36994386
0.3672682
0.36458039
0.36182359
0.35904112
0.35586017
0.35271502
0.34966299
0.34655324
0.34282163
0.33932579
0.3366884
0.33393052
0.33046737
0.32722041
0.32478103
0.32250974
0.32083175
0.31931868
0.31837979
0.31755933
0.31733713
0.31722012
0.31813213
0.31918675
0.32111561
0.32305706
0.32551989
0.32802013
0.33135998
0.33463407
0.33760953
0.34057519
0.34428608
0.34792614
0.3513096
0.35465989
0.35831359
0.36189482
0.36525121
0.36856267
0.3718546
0.37508622
0.37778607
0.38041091
0.38321978
0.38600358
0.38836679
0.39067724
0.39313972
0.39558133
0.39780256
0.39996433
0.40211588
0.40425226
0.40593612
0.40750432
0.40925297
0.4110105
0.41256994
0.41405049
0.41553158
0.41701111
0.4182052
0.41927254
0.42048362
0.42174372
0.42289439
0.42398664
0.42523521
0.42656934
0.42767975
0.42861629
0.42960513
0.43064919
0.43167049
0.43266314
0.43370655
0.43479657
0.43578956
0.43668064
0.43756124
0.4383989
0.43920574
0.43995154
0.44059223
0.44104928
0.44149065
0.44189054
0.4423613
0.4430466
0.44365874
0.44394642
0.44418702
0.44440076
0.44463751
0.44508842
0.44553891
0.4458406
0.44613573
0.44654742
0.44695881
0.44747257
0.44798532
0.44812879
0.44822246
0.44829717
0.44836891
0.44839427
0.44840443
0.44840723
0.44840056
0.44832686
0.44822204
0.4481616
0.44813803
0.44809714
0.44804674
0.44807243
0.44816235
0.44822958
0.44825989
0.44840345
0.44870734
0.44901758
0.44934368
0.44969076
0.45006227
0.45048961
0.4510771
0.45169798
0.45248812
0.45329273
0.45415458
0.4550404
0.45609918
0.45714572
0.45809805
0.45901468
0.46024007
0.46148127
0.46256265
0.46364307
0.46484315
0.46603522
0.46723911
0.46842858
0.46953997
0.47060981
0.47165629
0.47269726
0.47364786
0.47450104
0.47521576
0.47581518
0.47636873
0.47684053
0.4773069
0.4777624
0.47817978
0.47853836
0.47885931
0.47897193
0.47906125
0.47898734
0.47890523
0.47872865
0.47852355
0.47819439
0.47785786
0.47744182
0.47702608
0.47651297
0.47597599
0.47540718
0.47486296
0.4742468
0.47356442
0.47303623
0.47259945
0.47208437
0.47152188
0.47101378
0.47056991
0.4700993
0.4695859
0.46911776
0.4687255
0.46831155
0.46784592
0.46739244
0.4669598
0.46651641
0.46593982
0.46535331
0.46490693
0.46449181
0.46419725
0.46393162
0.4638043
0.46373457
0.4636738
0.46362031
0.46354237
0.46343815
0.4633438
0.46326977
0.46325156
0.46333215
0.46339703
0.46341619
0.46342412
0.46339396
0.46334201
0.46327698
0.46319482
0.46299174
0.46278134
0.46237794
0.46194875
0.46143913
0.46085393
0.4601317
0.4593828
0.45856336
0.45769933
0.45669749
0.45553803
0.45432144
0.45306295
0.45177484
0.45036805
0.44893155
0.44736588
0.44575781
0.44382468
0.4419156
0.43993485
0.4379445
0.43558308
0.43317217
0.43079951
0.42846698
0.42577776
0.4229036
0.42008719
0.41732627
0.41426066
0.41082478
0.40744212
0.404127
0.4006643
0.3967483
0.39288187
0.38919687
0.38547981
0.38118342
0.37684771
0.37276143
0.3687427
0.36425963
0.35965964
0.35536286
0.35125345
0.34689993
0.34238413
0.33818784
0.33440557
0.33055922
0.32653785
0.32268941
0.31941697
0.31616011
0.31302431
0.30996439
0.30755427
0.3052403
0.30298033
0.30073506
0.29911527
0.29773653
0.29655588
0.29550827
0.29467133
0.29409066
0.29362127
0.29329747
0.2930519
0.29306775
0.29314902
0.29348579
0.29384297
0.29425952
0.29467911
0.29526201
0.29587355
0.29656625
0.29727244
0.2980758
0.29895589
0.29977331
0.3005363
0.3013196
0.30212352
0.30291396
0.30360866
0.30430692
0.30507004
0.30580249
0.30635709
0.30690715
0.3074902
0.30806255
0.30853572
0.30896097
0.30936554
0.3097685
0.31013498
0.31042629
0.31069109
0.31088132
0.3110601
0.31128484
0.31150979
0.31171057
0.3119067
0.31209728
0.31227428
0.3124609
0.31266251
0.31282833
0.31296194
0.31312519
0.31333148
0.31354851
0.3137916
0.31403318
0.31431824
0.31461027
0.31489223
0.31516558
0.31544146
0.3157112
0.315974
0.31622905
0.31648815
0.31676298
0.31700668
0.31721267
0.31743607
0.31769732
0.31795695
0.31821933
0.31848034
0.31869897
0.31890762
0.31914407
0.31938761
0.3198227
0.32034785
0.32084608
0.32134157
0.32199413
0.32290572
0.323845
0.32483023
0.32584038
0.32708704
0.32832736
0.32963473
0.33095786
0.33265585
0.33447251
0.33625898
0.33799255
0.33994818
0.34219727
0.34439674
0.34648877
0.34865206
0.35119656
0.35373729
0.35611945
0.35845983
0.36110064
0.36381501
0.36644003
0.36903244
0.37181449
0.37478533
0.37768212
0.38038003
0.38312194
0.38617224
0.38919586
0.39191768
0.39460549
0.39746827
0.40035036
0.40301594
0.40557221
0.40828407
0.41115361
0.41386646
0.41628113
0.41874963
0.42142832
0.4240714
0.42627031
0.42843091
0.43064249
0.43287542
0.43479383
0.43655261
0.43829516
0.44000998
0.44157687
0.44286546
0.4441497
0.44537559
0.44659057
0.44749981
0.44840449
0.44907987
0.44968468
0.4501172
0.45046383
0.45071679
0.45084992
0.45095527
0.45096141
0.45091832
0.4507274
0.450542
0.45034471
0.45014724
0.44990894
0.44965029
0.44944257
0.44927093
0.44904736
0.44876048
0.44848984
0.44824094
0.4479914
0.44768059
0.4473649
0.44711834
0.44688961
0.44668931
0.44651124
0.44651529
0.44671494
0.44704029
0.44765779
0.44831881
0.44938141
0.45045033
0.45222265
0.45405054
0.45606196
0.45812467
0.46064717
0.46354887
0.46645981
0.46936655
0.47238123
0.47588491
0.4793739
0.48248148
0.48556796
0.48894075
0.49238858
0.49552646
0.49846533
0.50150669
0.50468957
0.50773627
0.51030922
0.51288587
0.51557136
0.51825726
0.52049953
0.52265251
0.52473742
0.52678132
0.52866524
0.53035796
0.53204358
0.53370011
0.53533226
0.53664315
0.53795302
0.53921759
0.54048741
0.5415833
0.54258877
0.54355407
0.54446995
0.54534227
0.54609329
0.54684234
0.54750168
0.54816133
0.54866958
0.54915607
0.54968822
0.55024266
0.55076689
0.55124974
0.55176151
0.55234873
0.5529331
0.55348307
0.55403447
0.5546304
0.55524081
0.55583555
0.55640888
0.55703431
0.55771488
0.55840385
0.55918592
0.55998152
0.5609501
0.56192148
0.56288719
0.56384039
0.56494772
0.56616443
0.56736016
0.56855124
0.56982523
0.57146448
0.57310581
0.57460999
0.57609743
0.57782769
0.57963634
0.58132559
0.58293945
0.58463979
0.58651656
0.58837932
0.59003574
0.59170675
0.5934636
0.59524822
0.59684014
0.59835696
0.59985226
0.60132951
0.60273367
0.60387188
0.60500145
0.60604781
0.60708988
0.60787648
0.60862851
0.60938996
0.61013275
0.61084795
0.61153007
0.6122278
0.61290294
0.61357147
0.61418623
0.61480772
0.61539406
0.61596334
0.61650729
0.61704791
0.61757928
0.61806476
0.61852777
0.61883581
0.61913168
0.61941528
0.61969131
0.61992902
0.62014067
0.62031657
0.62046272
0.6205743
0.62062699
0.62070292
0.6208533
0.62099594
0.62111795
0.62124872
0.62125421
0.62119412
0.62113941
0.62101495
0.62088573
0.6207366
0.62051296
0.62033981
0.62022531
0.62009305
0.61996037
0.61976892
0.61944199
0.61913747
0.61884755
0.61853027
0.61814141
0.61771417
0.61731249
0.61688876
0.61643505
0.61604106
0.61567092
0.61521691
0.61477119
0.61442977
0.61405355
0.61358458
0.61314452
0.6127212
0.61225092
0.61172813
0.61123246
0.61080033
0.61034131
0.60974991
0.6091314
0.60856444
0.60801083
0.6073969
0.60680652
0.60628259
0.60570115
0.60504228
0.6044547
0.60398376
0.60347068
0.60289931
0.60238349
0.60185087
0.60120267
0.6005398
0.60003811
0.59961265
0.59914988
0.59868073
0.59819943
0.59770417
0.59726936
0.59687394
0.59652096
0.59617847
0.59582382
0.59546274
0.59510899
0.59472275
0.59416431
0.59357738
0.59304786
0.59253925
0.59200013
0.59149575
0.59101671
0.5904814
0.58986753
0.58927763
0.58874869
0.58821911
0.58765173
0.58708984
0.58654267
0.58595026
0.58528244
0.58467406
0.5841682
0.5836364
0.58303869
0.58252043
0.58207911
0.58160919
0.58110738
0.58067465
0.58031505
0.5799638
0.57960045
0.57933909
0.57910967
0.57888556
0.57867879
0.57845688
0.5782454
0.57804322
0.57784724
0.57764661
0.57741845
0.57707655
0.57674754
0.57657814
0.57641315
0.57620627
0.57600588
0.57578564
0.57557106
0.57539338
0.57520956
0.57503134
0.57487094
0.57480669
0.57475126
0.57468987
0.57461232
0.57450694
0.57443476
0.57448947
0.57455486
0.57463884
0.57473356
0.57481456
0.57492554
0.57510984
0.5752973
0.57550555
0.57575822
0.57606047
0.57633638
0.57659411
0.57684201
0.57707345
0.57729614
0.57752651
0.57774651
0.57794195
0.57806808
0.57813281
0.57822943
0.57835108
0.57847279
0.57860208
0.5787465
0.5788905
0.57901025
0.57912242
0.57929885
0.57950127
0.57970977
0.57992935
0.58016896
0.58040857
0.58062798
0.58084661
0.58106333
0.58127493
0.58140522
0.58151603
0.58171052
0.58192462
0.5820781
0.58221638
0.58233917
0.58245915
0.58259553
0.58273721
0.5828377
0.58292961
0.58299541
0.58306062
0.58308172
0.58309758
0.58316588
0.58323932
0.5832451
0.58324516
0.58316159
0.5830763
0.5829438
0.58281004
0.58268589
0.58256167
0.58240956
0.58225763
0.58207124
0.58188426
0.58169162
0.58149874
0.58129489
0.58108681
0.58081168
0.58054769
0.58043206
0.58030981
0.58010101
0.57990211
0.57981133
0.57972848
0.57972533
0.5797295
0.57979208
0.57985455
0.57992601
0.58001024
0.58018607
0.58036304
0.58055329
0.58074564
0.58095652
0.58117497
0.58143502
0.58170384
0.58202994
0.58237541
0.58283502
0.58329546
0.58376765
0.58424902
0.58480018
0.58535975
0.58595461
0.58657622
0.58736539
0.58813703
0.58882529
0.58953166
0.59033221
0.59112537
0.59188396
0.59265453
0.59349
0.59430915
0.59506053
0.59580731
0.5965333
0.59725052
0.59791851
0.598589
0.59929639
0.59998447
0.60054696
0.60111117
0.60169494
0.60226369
0.6027354
0.60320729
0.60368305
0.60413861
0.60444653
0.60474712
0.60501909
0.6052835
0.60546625
0.6056506
0.60584873
0.6060316
0.60607916
0.60613012
0.60618448
0.60622984
0.60611063
0.60598344
0.60585696
0.6057266
0.60548484
0.60523164
0.60487628
0.60451919
0.60420805
0.6038959
0.60356545
0.60324073
0.60308486
0.60295039
0.60297829
0.60302675
0.60343444
0.60388136
0.60477489
0.60571152
0.60682285
0.60795754
0.60956025
0.611211
0.61285257
0.61448735
0.61647606
0.61851633
0.62041265
0.62227684
0.62437582
0.62652743
0.6284855
0.63039267
0.63251638
0.63470656
0.63667023
0.63856453
0.64065516
0.64281827
0.64484006
0.64681208
0.64899266
0.65126395
0.65333045
0.65529382
0.65749443
0.65981424
0.66193157
0.66394103
0.66608757
0.66832483
0.67036724
0.67227602
0.67435634
0.67658269
0.67866236
0.68059492
0.68269914
0.68497241
0.68709815
0.6890927
0.69123346
0.69353759
0.69576085
0.69784868
0.70003706
0.70239472
0.70465511
0.70674056
0.70893788
0.71134514
0.71365863
0.71573758
0.71788782
0.72025257
0.72254866
0.72459781
0.7267006
0.72899055
0.73123777
0.73325324
0.73530698
0.73757648
0.73982799
0.74194044
0.74406821
0.74632782
0.7485773
0.75055182
0.75252348
0.75467604
0.75683308
0.75876206
0.76068389
0.7628119
0.76495874
0.76683897
0.76868439
0.77068883
0.77273017
0.77454418
0.77631849
0.7782985
0.78034347
0.78220862
0.78400451
0.78591681
0.78787714
0.78967738
0.79141366
0.79322052
0.79506344
0.796794
0.79843223
0.80015409
0.80195659
0.80361944
0.80512297
0.80668354
0.80833858
0.80993509
0.81142384
0.81292462
0.81442958
0.81585652
0.81710774
0.81840515
0.8197993
0.82114774
0.82229775
0.82347077
0.82476902
0.82605094
0.82723093
0.82841963
0.8296389
0.83085728
0.83197433
0.83308673
0.83422226
0.83536637
0.83643514
0.83749485
0.83849001
0.83947146
0.84030789
0.84112442
0.8420521
0.84302533
0.84386194
0.84465533
0.84556866
0.84653932
0.84734148
0.84802651
0.84881699
0.8496837
0.85045856
0.85116076
0.8518607
0.85255426
0.85321176
0.85379624
0.85436785
0.85492474
0.8554424
0.85586256
0.85630572
0.8567397
0.85717118
0.85762215
0.85805988
0.85848665
0.85891497
0.85924441
0.85957921
0.86006767
0.86057168
0.86104912
0.86152893
0.86191446
0.86227959
0.86262584
0.86297041
0.86333305
0.86369616
0.86404341
0.86439544
0.86474359
0.86509025
0.86539924
0.86567324
0.86595142
0.86623859
0.86654633
0.86688191
0.86721301
0.86750787
0.86777389
0.86799306
0.86821759
0.86841053
0.86856723
0.86864966
0.86874044
0.86883724
0.86892831
0.86902487
0.86912715
0.86924225
0.86936128
0.86962372
0.86989319
0.87012637
0.87036681
0.87067825
0.87100786
0.87141502
0.87184876
0.87224829
0.87263274
0.87297511
0.87326944
0.87355477
0.87384039
0.87417871
0.87460166
0.87495285
0.87512952
0.87533414
0.87565482
0.87594962
0.87610722
0.87626737
0.87651461
0.87675911
0.8769536
0.87714887
0.87734365
0.87753475
0.87765306
0.87776095
0.87784982
0.87794864
0.87807322
0.8781957
0.87832308
0.87845802
0.87852228
0.87853944
0.8785693
0.87860906
0.87867874
0.87878388
0.87891048
0.87907946
0.87924004
0.87937999
0.87952131
0.87967199
0.8798275
0.87997109
0.88011384
0.88031077
0.88051236
0.88070619
0.8808977
0.88114047
0.88139355
0.88158566
0.88175881
0.88200599
0.88227922
0.88253272
0.88278806
0.88303947
0.88329339
0.88358617
0.88390619
0.88420469
0.8844685
0.88472807
0.88497859
0.88523519
0.88553238
0.88582838
0.88604152
0.88625395
0.88657522
0.88689923
0.88707751
0.88724333
0.88745868
0.88769001
0.88805568
0.88845789
0.88879639
0.88910794
0.88945186
0.88982105
0.89018261
0.89053488
0.89091057
0.89131725
0.89175117
0.89223641
0.89273065
0.89325237
0.89378434
0.89436173
0.89494228
0.89549661
0.89605427
0.89670593
0.89736617
0.89792401
0.89846879
0.89913756
0.89984572
0.90044111
0.90098494
0.90158916
0.90223634
0.90282112
0.9033398
0.90388197
0.90445989
0.90498245
0.90537214
0.90582269
0.90650815
0.90719491
0.90785253
0.90851116
0.90920597
0.90990281
0.91053849
0.91117305
0.91183966
0.9125151
0.91310316
0.9136461
0.91428441
0.91498941
0.91561675
0.91617733
0.91676301
0.91737652
0.91800886
0.9186666
0.91933513
0.92007959
0.92079926
0.9212904
0.92178911
0.92247075
0.92316073
0.92367595
0.92416126
0.9246881
0.92525178
0.92572159
0.92614251
0.92663455
0.92715216
0.92764258
0.92812753
0.92854679
0.92885619
0.92921102
0.9296698
0.93009442
0.93040943
0.9307276
0.93101281
0.93130088
0.93167472
0.93205899
0.93239081
0.93270266
0.93308884
0.9335078
0.93391806
0.93432277
0.93469214
0.9350363
0.9353652
0.93568361
0.93601227
0.93631977
0.93660706
0.93691301
0.93723029
0.93750185
0.93776107
0.93798357
0.93820202
0.93834609
0.93849474
0.93876201
0.93903756
0.93923789
0.93935961
0.93943363
0.93958622
0.93977422
0.93989068
0.93997228
0.94013107
0.94030899
0.94041079
0.94050294
0.94060475
0.94074184
0.94095039
0.94113612
0.94124216
0.94135928
0.94125509
0.9410876
0.94103247
0.94102371
0.9410798
0.94121498
0.94133395
0.94136858
0.9413802
0.94145083
0.94153821
0.94157851
0.94158274
0.94148415
0.94137257
0.94128931
0.94121516
0.94105422
0.94082016
0.94079167
0.94088852
0.94091743
0.94099391
0.94105315
0.9409706
0.94090402
0.94077045
0.94064993
0.94068456
0.94071072
0.9406625
0.94058132
0.94044054
0.94029158
0.9400664
0.93978781
0.93962234
0.93953973
0.93939906
0.93918365
0.9390853
0.93906999
0.93887013
0.93860042
0.93849558
0.93834937
0.93810046
0.9379192
0.93784809
0.93784493
0.93779147
0.93759298
0.93734366
0.93713188
0.93696398
0.93685335
0.93671209
0.93645024
0.9361819
0.93602884
0.93595445
0.93583262
0.93570411
0.9355399
0.93524039
0.9349584
0.93488348
0.93487453
0.93469065
0.93431175
0.93390471
0.93370968
0.93367368
0.93355376
0.93346697
0.93338972
0.93314385
0.93278122
0.93253833
0.93242973
0.93223065
0.93189818
0.93160099
0.93140048
0.9312157
0.93106174
0.93095708
0.93074095
0.9304527
0.93026757
0.93016005
0.93027931
0.93034083
0.93001914
0.92964011
0.92940325
0.92925048
0.92912668
0.92889279
0.92851675
0.92828619
0.9283458
0.92842859
0.92833012
0.92802519
0.92801762
0.92803812
0.92782933
0.92784786
0.92793244
0.92786044
0.92775768
0.92774391
0.9277041
0.92767692
0.92781734
0.92800069
0.92793846
0.92779076
0.92768538
0.92772138
0.92772186
0.92762226
0.92785978
0.92818403
0.92838824
0.92846417
0.92843884
0.9284572
0.92856485
0.92870057
0.92887229
0.92898226
0.92899191
0.92912716
0.92947012
0.92994761
0.93015975
0.93039727
0.93054736
0.93070853
0.9309063
0.93107772
0.93113786
0.93122387
0.93139303
0.93160951
0.93176633
0.93190211
0.93206614
0.93225586
0.93239599
0.93247163
0.93254858
0.93256444
0.93266976
0.93290788
0.93302959
0.93313861
0.93328321
0.93344527
0.9335621
0.93364805
0.93376577
0.93389648
0.93404502
0.93419248
0.93432283
0.93441826
0.93452084
0.93466979
0.93477786
0.93483794
0.93487406
0.93490022
0.93494308
0.93500769
0.93506044
0.93513113
0.9352228
0.93530095
0.93533027
0.93533933
0.93535638
0.93535823
0.93545955
0.93562502
0.93569273
0.93571985
0.93573946
0.93579042
0.935826
0.93585408
0.93588632
0.93593282
0.93598592
0.93601251
0.93600321
0.93598944
0.9360221
0.9361034
0.93614209
0.93612331
0.93608195
0.93609953
0.93613893
0.93616003
0.93611985
0.93603796
0.93600786
0.93604559
0.93600953
0.93595564
0.93588591
0.93582559
0.93583757
0.93585449
0.93580788
0.93576902
0.93574733
0.93576103
0.93578231
0.93582779
0.93584353
0.93577981
0.93568075
0.93560082
0.93556774
0.93550575
0.93551677
0.93555892
0.9355188
0.93544835
0.93539464
0.93539017
0.9353714
0.93528682
0.93515795
0.93509793
0.93506026
0.93501592
0.9349432
0.93487096
0.93483704
0.93487567
0.93493968
0.9349913
0.93501258
0.93503785
0.9350633
0.93507439
0.93504763
0.93498468
0.93493378
0.93488628
0.93478197
0.93467683
0.93464303
0.9346872
0.93470019
0.93468958
0.93467969
0.93469131
0.93467182
0.93462378
0.93460047
0.9345541
0.93452168
0.93454862
0.9346078
0.93465078
0.93460351
0.93449736
0.9343797
0.93430579
0.93428195
0.93427116
0.9342463
0.93419349
0.93415618
0.93408012
0.93395686
0.9338522
0.93380505
0.93379879
0.93376815
0.93372303
0.93366033
0.93360031
0.9335618
0.93349582
0.933442
0.93347132
0.93356329
0.93365914
0.93363732
0.9335053
0.93334985
0.93326265
0.93320662
0.93311274
0.93301296
0.93297857
0.93297929
0.93296373
0.93288159
0.93279088
0.93269295
0.93261844
0.932576
0.93253368
0.93250847
0.93249381
0.93244916
0.93238181
0.93231177
0.93225956
0.93220806
0.93214768
0.93206292
0.93193561
0.93180066
0.93170512
0.93162721
0.93159431
0.9315809
0.93152952
0.93147993
0.9313916
0.93125755
0.9311499
0.93105274
0.93097514
0.93092453
0.93089253
0.93087995
0.93085432
0.93076098
0.93063694
0.93054485
0.93047094
0.93037707
0.93026263
0.93017727
0.93011665
0.93006301
0.93000907
0.9300077
0.92999864
0.92992711
0.92983294
0.92976749
0.92971551
0.92962354
0.92953533
0.92946875
0.92942786
0.92937553
0.92932487
0.92927843
0.92923212
0.92918479
0.92913187
0.92906147
0.92895496
0.92886871
0.92884868
0.92883772
0.92881513
0.92874742
0.92864513
0.92852962
0.92840862
0.92831385
0.92826629
0.9282217
0.92816508
0.92812496
0.92806166
0.92799687
0.9279663
0.92793822
0.92792571
0.92789793
0.92781514
0.92772549
0.9276458
0.92756796
0.92749387
0.92744321
0.92741579
0.92737299
0.9273091
0.92720222
0.92706442
0.92693228
0.92683995
0.92679316
0.92678058
0.92675614
0.92665631
0.92650771
0.92638522
0.92629939
0.92617834
0.92606747
0.92594665
0.92581451
0.92571437
0.92561477
0.92550856
0.92541987
0.92530835
0.92517799
0.92506349
0.9249559
0.92486215
0.92475694
0.92460406
0.9244892
0.92441744
0.92430896
0.92425007
0.92417288
0.92401767
0.92389292
0.92374927
0.92358613
0.92345238
0.92330641
0.92317408
0.92308456
0.92300922
0.92288703
0.92269039
0.92251056
0.92234433
0.92219007
0.92202145
0.92185146
0.92169785
0.92156893
0.92144567
0.92131102
0.92116797
0.921049
0.92091143
0.9207449
0.92057735
0.92040467
0.92026168
0.92013568
0.91994953
0.91972631
0.91951001
0.91933519
0.91916919
0.91900802
0.91883904
0.91865128
0.91843808
0.91822433
0.91804594
0.91790819
0.91781193
0.91771019
0.91755867
0.91736954
0.91719109
0.91701448
0.91685677
0.91667801
0.91643494
0.91620946
0.9160288
0.91586936
0.91571766
0.91556621
0.91539758
0.91520685
0.91503435
0.91486222
0.91464555
0.91441554
0.91423619
0.91410476
0.91388023
0.91364551
0.91345209
0.91325802
0.91308486
0.91291922
0.91273373
0.91255087
0.91234541
0.91211635
0.91190618
0.91168886
0.91147232
0.91127908
0.91111708
0.91095102
0.91073596
0.91050994
0.91030872
0.91015893
0.91000742
0.90986186
0.9097048
0.90952128
0.90934455
0.90912652
0.90887672
0.90868288
0.90853077
0.90836769
0.90814435
0.90789306
0.90768069
0.9075247
0.90730309
0.90703607
0.90677017
0.90653384
0.90631562
0.90610534
0.90589386
0.90571332
0.90552354
0.90530622
0.9051246
0.90499538
0.90487254
0.90467232
0.9044525
0.90422267
0.90397418
0.90367806
0.90336084
0.90302074
0.9026193
0.90224773
0.90194333
0.9016515
0.90140361
0.90109491
0.9006837
0.90033269
0.90008044
0.8999173
0.89971453
0.89943123
0.89906937
0.89870381
0.89828324
0.89788711
0.89756924
0.8972351
0.89686966
0.89646596
0.89605987
0.89561462
0.89515203
0.89470488
0.89425117
0.89376456
0.89322549
0.89267242
0.89211029
0.89154124
0.89096391
0.89038819
0.88980192
0.88919425
0.8885783
0.88795096
0.88732874
0.88672775
0.88614541
0.88557905
0.88500655
0.88440609
0.88382185
0.88324952
0.88261926
0.88196838
0.8813408
0.88076097
0.8801887
0.87963033
0.87908733
0.87855113
0.87803209
0.87752563
0.87701011
0.87646699
0.8759414
0.87546742
0.87496597
0.87446827
0.87400037
0.87354809
0.87312055
0.87273008
0.87235314
0.87194395
0.87151217
0.87110811
0.87075627
0.87038738
0.87000769
0.8696996
0.86934924
0.86897558
0.86862862
0.86821961
0.86783665
0.86754209
0.86724323
0.86694419
0.86662662
0.86629868
0.86595786
0.8656382
0.86535555
0.86505622
0.86477458
0.86450315
0.86419588
0.86382508
0.8634426
0.86313993
0.86285412
0.86261827
0.86236435
0.86197096
0.86160904
0.86131543
0.86095357
0.8605563
0.86011487
0.85969305
0.85937542
0.85905939
0.8586719
0.85830188
0.85788721
0.85750979
0.85721928
0.85684144
0.85642898
0.85606855
0.85573298
0.85535824
0.85492116
0.85450268
0.85415632
0.85382503
0.85338229
0.85284483
0.85234648
0.8519873
0.85161191
0.85119462
0.85077339
0.85043079
0.85007077
0.84967047
0.8492232
0.84874755
0.84837133
0.84807366
0.84765184
0.8472451
0.84681791
0.84634215
0.84592092
0.84550351
0.84506667
0.84466493
0.84422743
0.84379798
0.84342438
0.84288424
0.84230989
0.84192109
0.84163177
0.84131289
0.84082669
0.84028655
0.8398152
0.83937716
0.83885807
0.83836836
0.83791262
0.83743268
0.83684772
0.83632165
0.83589286
0.83540547
0.83480644
0.83417362
0.83365357
0.8331812
0.83270347
0.83213121
0.8315044
0.83092815
0.83041078
0.82987446
0.82937717
0.82891148
0.82833517
0.82750607
0.82673812
0.82617241
0.82556009
0.82498401
0.82430953
0.82351971
0.82288748
0.82231045
0.82156575
0.82060307
0.81972694
0.81912142
0.81855023
0.81771618
0.81668532
0.81575203
0.81497788
0.81423265
0.81338584
0.81247109
0.81149614
0.8105132
0.80960017
0.80891532
0.80796039
0.80664921
0.80574864
0.80488533
0.8038491
0.80262911
0.80128253
0.80031437
0.79962081
0.79808962
0.79630184
0.79519361
0.79481304
0.79357237
0.79147965
0.78978711
0.78802133
0.78715312
0.78682077
0.78511715
0.783153
0.78134108
0.77955484
0.7776168
0.77615249
0.7750566
0.77243847
0.77087283
0.77066636
0.76870555
0.7659688
0.76399869
0.76362193
0.76252818
0.76022923
0.7576471
0.75662005
0.75521034
0.75283957
0.75089025
0.74775618
0.74710798
0.74949563
0.74659294
0.74214995
0.73983204
0.73794216
0.73828888
0.73796934
0.73438889
0.73352081
0.73574036
0.73789978
0.73669291
0.73552674
0.73272586
0.72557569
0.72832882
0.73673892
