0
0
0
0
0
0
0
0
0
0.6404168
0.65225846
0.65273929
0.65243936
0.65587962
0.65717435
0.65638334
0.65381086
0.65532923
0.65359151
0.65032822
0.65052384
0.65060264
0.65391201
0.65471816
0.64935666
0.64973021
0.648606
0.64534545
0.6420691
0.64426148
0.64090067
0.64113533
0.64485162
0.64179248
0.641294
0.64056897
0.6421631
0.64357978
0.63942093
0.63973153
0.64472091
0.64039075
0.64461386
0.64161772
0.64504737
0.64547837
0.64702272
0.64396018
0.64359075
0.64133114
0.64183521
0.64141244
0.63733375
0.63953304
0.63741362
0.63516313
0.63991141
0.63474554
0.6344282
0.63224965
0.63589203
0.6317414
0.63334376
0.62891346
0.63081074
0.63025624
0.63040704
0.62908953
0.62884551
0.62992495
0.62871331
0.63162065
0.63143939
0.62676549
0.62911099
0.62784219
0.6297183
0.62605256
0.62585914
0.62510544
0.62530559
0.62085682
0.61890262
0.61900985
0.61776203
0.61547351
0.61310226
0.60874057
0.60708636
0.60214078
0.59815919
0.59409136
0.59159803
0.58354408
0.57800347
0.57318228
0.56667668
0.56390458
0.55550611
0.54892683
0.54166055
0.53400749
0.52659142
0.51783514
0.5101651
0.50245565
0.49538815
0.48451003
0.47382361
0.46464285
0.45503715
0.44586527
0.43785447
0.42835611
0.41958219
0.41242528
0.40234625
0.394954
0.38649431
0.37938699
0.37029409
0.36339405
0.35725006
0.35159916
0.34248522
0.33296236
0.32778999
0.3202596
0.31392434
0.306128
0.29884881
0.29320735
0.28728852
0.28078949
0.27358791
0.26687655
0.26191273
0.25648534
0.24979545
0.24287105
0.23769504
0.23239823
0.22581081
0.22164288
0.21678446
0.21118702
0.20685653
0.20368312
0.19889265
0.19617878
0.19111362
0.18732697
0.1823366
0.17937437
0.17623769
0.17327721
0.1692591
0.166086
0.16335802
0.16049592
0.1592668
0.15596898
0.15462925
0.15154572
0.14916137
0.1467766
0.14609252
0.14289489
0.14175741
0.1398142
0.13853826
0.13642035
0.13572773
0.13357872
0.13370027
0.13258223
0.13133962
0.12958856
0.1281959
0.127593
0.1275612
0.125728
0.12446649
0.12394367
0.12300348
0.12177742
0.12110831
0.11972792
0.11756969
0.11676804
0.11604049
0.11402096
0.11241072
0.11030073
0.10950933
0.10664769
0.1064861
0.10334676
0.10235213
0.10031146
0.099675052
0.096142314
0.096365407
0.095092259
0.093114384
0.09256541
0.091604695
0.090099685
0.089688905
0.089607932
0.088686161
0.089894593
0.090931855
0.091642611
0.091851868
0.092116535
0.094054721
0.095460929
0.097360894
0.098314025
0.10211848
0.10415056
0.10850209
0.11219923
0.1158082
0.1197697
0.12445401
0.13020748
0.13446362
0.14136486
0.14934956
0.15455192
0.16289426
0.17172401
0.17819992
0.18343069
0.19034617
0.1974327
0.2051805
0.21012811
0.20946677
0.21541689
0.2198699
0.22406118
0.23007938
0.23304628
0.23855515
0.24378462
0.24926399
0.252289
0.25912812
0.26122546
0.26730603
0.27329269
0.27649885
0.28229502
0.28481719
0.28907967
0.29395822
0.29649863
0.30125818
0.30382165
0.30757505
0.31098154
0.31459987
0.31662422
0.32169238
0.32059887
0.32200888
0.32474369
0.32645023
0.32823831
0.32937798
0.33013305
0.33323064
0.33368105
0.33345428
0.33659208
0.33713192
0.33863786
0.33744627
0.33805868
0.33936599
0.34100524
0.34269068
0.3427543
0.34449881
0.34324858
0.34486896
0.34359974
0.34747899
0.34932578
0.3525176
0.35649806
0.35659939
0.35553947
0.35278392
0.35183233
0.35088032
0.35241956
0.35104653
0.3515484
0.34995928
0.35029396
0.35106382
0.3508471
0.35134855
0.34986579
0.35052884
0.35089883
0.35238466
0.35368899
0.35287315
0.35337555
0.35339606
0.35425958
0.35755959
0.35976747
0.36138529
0.36128047
0.36618069
0.36703059
0.36855087
0.37131944
0.37429053
0.37489644
0.37952697
0.38312951
0.38423091
0.38632357
0.38792744
0.38926998
0.39069718
0.39128396
0.39448351
0.39634162
0.39760453
0.4001269
0.40158617
0.403882
0.40459991
0.40421134
0.40771222
0.41037083
0.4098604
0.41011357
0.41294152
0.41319531
0.41576499
0.4151476
0.4146907
0.41505051
0.41629136
0.41599697
0.41695943
0.41728491
0.41429108
0.41426003
0.41260698
0.41037688
0.40892369
0.40584782
0.40375373
0.39904886
0.39703146
0.39302224
0.38723475
0.38661897
0.37997869
0.37687448
0.37242791
0.36608714
0.3637785
0.36008558
0.35472888
0.34989396
0.34841293
0.34269929
0.33776656
0.33475077
0.33103889
0.32558015
0.321165
0.31244805
0.30648693
0.30075833
0.29334399
0.28553382
0.28016242
0.2775557
0.27404752
0.27121043
0.26830292
0.26547888
0.26570484
0.26177788
0.25765157
0.25232461
0.24970101
0.24599144
0.24203011
0.24139476
0.23884964
0.23797615
0.23588067
0.23128372
0.2302907
0.22917557
0.22681886
0.2244661
0.22561023
0.22412951
0.22216725
0.22372758
0.22462773
0.22408372
0.22298411
0.22328635
0.22158515
0.21876645
0.21852411
0.21733674
0.21406034
0.21186899
0.20850265
0.1854836
0.18434691
0.19263354
0.18343158
0.18647324
0.18826887
0.18630263
0.18321086
0.18123449
0.17767452
0.17565137
0.17212397
0.1696724
0.16668624
0.16615836
0.16158788
0.15630175
0.15184796
0.14639004
0.14160496
0.13648853
0.1308704
0.12273251
0.11467177
0.10601971
0.096414462
0.092176095
0.08593341
0.079359218
0.076291412
0.073704213
0.070552982
0.068916008
0.068208776
0.067768298
0.061415639
0.062514357
0.065489449
0.065627828
0.06271787
0.05898723
0.061493244
0.060434911
0.059500851
0.060109612
0.060089841
0.061360549
0.060874362
0
0
0
0
0
0
0
