0.027269285
0.046183888
0.032541141
0.033428963
0.041037206
0.032922652
0.03261593
0.049119372
0.082954369
0.14247547
0.20330985
0.21794271
0.23820832
0.24558604
0.24608441
0.25643653
0.28086179
0.29990101
0.30475092
0.3077141
0.32413557
0.34512028
0.36322427
0.37597051
0.38427263
0.39427221
0.3943612
0.39195606
0.35819834
0.32939067
0.32610267
0.36192834
0.39982635
0.42161086
0.43145752
0.4338395
0.44322169
0.44800273
0.4564546
0.45636436
0.46398714
0.46530157
0.47121379
0.46956882
0.46996301
0.46867698
0.46504754
0.46092564
0.45761222
0.45133728
0.44775409
0.44351158
0.43841034
0.43241671
0.42051852
0.41431198
0.40230832
0.38686481
0.37406331
0.36136377
0.34865281
0.33729497
0.32603434
0.31756741
0.30963573
0.29672581
0.28232783
0.25640398
0.24778527
0.30507985
0.38519308
0.44318789
0.48079136
0.49323446
0.49897218
0.50408357
0.50926089
0.5077067
0.50853914
0.50824791
0.51127928
0.50897098
0.51156259
0.51837945
0.51518297
0.5210948
0.51815075
0.52079612
0.52702093
0.52158093
0.51940584
0.52413368
0.52214354
0.52621377
0.52161723
0.52234876
0.52321261
0.52254492
0.52122122
0.51957393
0.51744658
0.51747394
0.51735139
0.51527786
0.51345176
0.51443845
0.514018
0.51114255
0.50939244
0.50677514
0.50575936
0.50387067
0.50240356
0.50205964
0.49534771
0.49986786
0.49273965
0.49099669
0.48619068
0.4832288
0.48255679
0.48102716
0.47572446
0.47104284
0.4675383
0.4636035
0.45616224
0.4520241
0.44571975
0.44037709
0.4404183
0.43495294
0.4250308
0.40531194
0.39155287
0.38570014
0.39355049
0.38959226
0.39173084
0.39115113
0.40171003
0.42088082
0.43994173
0.46466205
0.48113799
0.49108213
0.50378847
0.50694668
0.51143819
0.51470858
0.5146203
0.51652992
0.51881146
0.51574659
0.51848459
0.51983172
0.52146667
0.52105409
0.52430314
0.52584362
0.52587068
0.52645189
0.52660954
0.52419764
0.52641457
0.52505749
0.52605999
0.52283043
0.52300793
0.52271652
0.52168864
0.52317154
0.52077353
0.51866889
0.5184167
0.51792192
0.51673567
0.51491302
0.51251185
0.51191139
0.51069778
0.50725681
0.50565082
0.50318778
0.50243032
0.49822149
0.49791992
0.49318874
0.49301374
0.48845088
0.48697174
0.48633242
0.48318475
0.48178264
0.4772577
0.473447
0.47120553
0.46696079
0.46447939
0.45936859
0.45568323
0.45219478
0.44741085
0.44527468
0.44016892
0.43884873
0.43446535
0.42734492
0.42403659
0.42086929
0.41685206
0.41436145
0.41100478
0.4066754
0.40384081
0.3996844
0.39606282
0.39506698
0.39107534
0.38547066
0.38373715
0.38049793
0.37867042
0.37626684
0.37318987
0.37346369
0.37272662
0.37114117
0.36647218
0.36956292
0.37019822
0.36683461
0.37251154
0.37097833
0.37563267
0.37850201
0.38241944
0.38884947
0.3955034
0.40171504
0
0
0.41533381
0.41630533
0.42252898
0.42126876
0.42285445
0.42784628
0.42843279
0.42893299
0.43085203
0.43045208
0.43128124
0.43188801
0.42945376
0.42948207
0.42918906
0.42764387
0.4285576
0.4272925
0.42716908
0.42296559
0.42018494
0.42084429
0.41714841
0.41986355
0.41553819
0.41636306
0.4106504
0.41037267
0.405507
0.40471575
0.4034192
0.39959255
0.39482591
0.39656034
0.39138234
0.39120963
0.38458821
0.38202327
0.37537789
0.37564477
0.37155056
0.36985067
0.3667253
0.36130646
0.3594681
0.35737985
0.34948105
0.34522131
0.33875281
0.33607027
0.33099246
0.32769996
0.3163645
0.31818119
0.31205899
0.31045386
0.30886576
0.30557624
0.30365038
0.30245793
0.30152112
0.2993066
0.30190307
0.29671097
0.29483971
0.29552728
0.29491955
0.29242337
0.29339862
0.29152331
0.29338682
0.29355752
0.2920987
0.29250026
0.29482782
0.29389197
0.29551631
0.29411796
0.29627919
0.29529724
0.29687905
0.29585391
0.2955606
0.29577678
0.29828873
0.29970205
0.29982835
0.3018018
0.30123797
0.30333477
0.30213007
0.30114883
0.30334237
0.30519316
0.30527827
0.30377349
0.30576465
0.30590251
0.30786794
0.30507943
0.30729255
0.30609775
0.30376405
0.30402222
0.30173656
0.30320638
0.3010456
0.29983154
0.29719403
0.29495609
0.29093364
0.28945068
0.2851111
0.28326032
0.27972907
0.27600718
0.27137604
0.26847589
0.2628099
0.25920349
0.25447461
0.25201643
0.24757521
0.24588557
0.23798636
0.23702601
0.2291583
0.22584163
0.22218336
0.21438029
0.21321604
0.20676795
0.20328529
0.20170984
0.19690663
0.19472317
0.19123322
0.18868172
0.18582752
0.18247382
0.18237586
0.17755781
0.17461449
0.17452374
0.17158519
0.16929996
0.16743074
0.16467805
0.16272555
0.16038337
0.15825433
0.1550715
0.15338452
0.14970767
0.14554878
0.14040966
0.13779607
0.1327318
0.12871712
0.124883
0.12069022
0.11690292
0.11455085
0.11162361
0.10975652
0.10821461
0.10710674
0.10520703
0.10488968
0.10164545
0
0.099266887
0.097590856
0.095433451
0.09362492
0.09460108
0.094071224
0.090958156
0.089314021
0.088323534
0.08678519
0.085453354
0.085962482
0.085416727
0.082562029
0.083166964
0.081567548
0.074647836
0.07867647
0.076824009
0.074841581
0.072163485
0.07154239
0.071423158
0.06752976
0.071805485
0.066779926
0.066965416
0.065515675
0.065206453
0.060001638
0.057195678
0.055774339
0.056200456
0.057181183
0.054811697
0.050363746
0.04923965
0.046119586
0.04354145
0.041553829
0.043191701
0.042584099
0.041842885
0.041780289
0.049421217
0.038084548
0.038243394
0.043091193
0.037599232
0.041700196
0.039752372
0.038216513
0.037349075
0.036859095
0.033866994
0.032579057
0.036253449
0.039950162
0.033033486
0
0
0
0
0
0
0
0
